200 398
0 3
0 26
0 30
0 189
1 9
1 11
1 32
1 47
1 57
1 95
1 149
1 189
1 194
2 5
2 37
2 39
2 40
2 41
2 43
2 47
2 48
2 52
2 61
2 64
2 73
2 79
2 81
2 97
2 108
2 118
2 121
2 133
2 134
2 152
2 169
2 174
2 189
3 4
3 9
3 17
3 30
3 53
3 57
3 58
3 152
3 159
4 13
4 22
4 36
4 54
4 58
4 92
4 171
4 189
5 47
5 59
5 74
5 98
5 107
6 7
6 10
6 19
6 26
6 59
6 110
6 125
6 159
6 163
6 178
7 16
7 47
7 75
8 11
8 13
8 15
8 16
8 22
8 45
8 47
8 48
8 50
8 56
8 61
8 67
8 107
8 133
8 148
8 151
8 172
8 176
8 178
8 189
9 27
9 106
9 163
10 26
10 34
10 37
10 42
10 43
10 53
10 73
10 112
10 131
10 182
11 18
11 40
11 112
11 115
11 136
12 29
12 47
12 118
12 189
12 196
13 35
13 51
13 80
13 81
13 88
13 97
13 137
14 29
14 47
14 71
14 128
14 159
15 47
15 124
16 24
16 63
16 155
17 66
17 189
18 23
18 26
18 90
18 143
19 21
19 142
19 159
19 188
20 26
20 47
20 80
20 89
20 186
21 47
21 114
21 167
21 179
22 72
22 111
23 26
24 62
24 99
24 125
24 140
24 189
25 50
25 70
25 75
25 159
25 189
25 190
26 27
26 32
26 33
26 35
26 38
26 44
26 47
26 60
26 64
26 68
26 77
26 104
26 106
26 110
26 157
26 159
26 162
26 164
26 169
26 170
26 187
26 189
27 188
28 47
28 159
29 31
30 46
30 142
30 171
31 85
31 141
31 159
32 93
32 96
33 159
33 195
34 98
34 126
34 180
34 189
34 190
36 134
36 147
36 189
37 39
37 181
38 44
38 47
38 82
38 86
38 101
38 126
39 63
40 69
40 94
40 117
40 130
40 143
41 87
41 88
41 117
41 121
41 146
41 159
42 47
42 60
42 78
42 108
43 55
44 49
44 99
44 185
45 83
45 96
45 109
45 141
45 160
45 172
45 189
46 56
46 132
46 150
46 159
46 167
46 180
47 49
47 65
47 74
47 84
47 91
47 100
47 103
47 154
47 159
47 160
47 187
47 189
47 192
48 76
48 93
49 82
49 83
49 129
50 51
51 76
52 86
52 89
52 105
52 131
52 157
52 159
53 168
54 70
54 105
54 159
54 182
55 68
55 159
55 184
56 66
56 69
56 84
56 102
57 130
60 65
60 137
60 139
60 197
61 109
62 146
62 189
63 111
64 95
64 144
65 192
65 197
66 147
67 87
67 124
67 161
67 183
67 189
68 116
68 148
69 170
70 120
71 100
71 179
71 185
71 189
72 113
72 159
73 186
74 156
74 181
75 78
75 102
75 127
75 183
77 119
77 159
77 175
79 189
80 103
82 129
83 113
84 150
84 162
85 189
85 193
86 195
88 123
88 155
88 173
89 92
89 115
90 159
90 166
91 154
91 189
94 189
96 165
97 135
99 135
100 151
101 189
102 177
104 159
105 116
105 138
106 158
109 114
110 149
110 156
111 166
114 164
117 122
118 123
118 158
119 189
120 144
120 145
120 174
120 189
122 189
126 198
127 189
128 159
129 168
130 139
132 189
134 184
135 173
136 189
138 189
139 165
140 189
145 189
145 191
146 194
151 191
153 159
153 189
159 176
159 189
159 199
161 189
162 177
164 196
165 175
174 198
177 193
186 199
