0 30
0 31
0 158
0 160
1 30
1 31
1 36
1 215
2 41
2 43
2 60
2 61
3 69
3 70
3 74
3 81
4 72
4 76
4 77
4 95
5 192
5 193
5 194
5 197
6 178
6 199
6 200
6 201
7 98
7 112
7 113
7 115
8 28
8 38
8 46
8 139
9 73
9 75
9 78
9 79
10 133
10 141
10 143
10 144
11 91
11 93
11 125
11 126
12 67
12 71
12 127
12 219
13 163
13 164
13 172
13 188
14 150
14 156
14 182
14 183
15 98
15 99
15 102
15 103
16 87
16 88
16 158
16 159
17 28
17 29
17 38
17 46
18 25
18 135
18 137
18 138
19 51
19 52
19 59
19 189
20 64
20 189
20 200
20 207
21 178
21 189
21 199
21 205
22 24
22 53
22 56
22 222
23 26
23 27
23 43
23 70
24 25
24 53
25 26
26 41
26 140
27 56
28 29
28 38
28 47
29 35
30 31
30 36
30 39
30 215
31 32
31 37
31 160
32 40
33 34
33 39
33 84
34 40
34 179
35 36
35 37
37 38
37 161
37 162
38 48
39 40
39 83
40 174
41 42
41 43
41 49
42 46
43 50
43 60
44 45
44 50
44 59
44 186
44 187
45 52
45 61
45 94
46 47
46 48
48 49
49 50
49 62
50 64
51 52
52 58
52 93
52 126
53 54
53 55
54 56
54 144
54 221
56 143
57 58
57 59
57 121
57 191
58 59
58 91
58 92
60 61
60 70
61 81
62 63
63 65
63 66
63 87
64 65
65 66
65 183
65 207
66 89
66 184
67 68
67 76
67 78
67 219
68 71
68 72
68 110
69 70
69 73
69 74
71 79
72 96
73 80
73 107
74 75
74 81
74 122
75 78
76 77
77 95
78 79
78 122
79 80
82 83
82 215
83 84
83 215
85 86
85 118
85 119
85 190
86 195
87 88
87 90
87 212
88 89
90 159
91 124
92 124
93 126
94 122
94 128
95 96
96 131
96 132
97 107
97 110
98 99
98 102
98 109
98 113
99 105
99 106
100 110
100 141
100 143
101 106
101 111
102 112
103 115
104 106
104 111
105 106
105 108
105 117
108 114
108 116
108 117
109 115
109 116
111 114
111 129
113 115
113 119
115 118
115 119
116 118
119 120
120 124
120 220
121 191
122 123
122 128
123 126
124 125
124 220
125 126
126 127
126 219
127 219
130 131
131 132
131 133
131 134
133 134
133 142
135 136
135 137
135 139
135 140
136 216
137 138
138 140
139 218
141 143
142 144
143 145
144 145
146 147
146 157
147 148
148 150
148 157
149 152
149 168
150 151
150 152
151 169
152 156
153 154
153 156
153 182
154 155
155 157
156 183
158 159
158 160
158 173
159 161
159 162
163 166
163 167
164 165
164 170
165 166
165 197
166 172
166 185
166 193
167 168
167 171
168 171
169 170
169 171
170 171
170 223
172 188
173 175
174 175
175 176
175 180
176 177
176 179
177 181
178 193
178 199
178 201
178 213
180 181
181 211
182 183
182 184
183 203
185 188
185 203
186 189
187 189
189 205
189 208
189 209
190 191
191 195
191 196
191 198
192 193
192 196
193 197
193 213
194 197
194 198
196 198
199 200
200 201
200 204
200 206
200 207
200 209
202 203
202 206
203 204
205 209
208 210
209 210
214 215
214 216
214 217
214 218
215 217
