0 1
0 2
0 3
0 4
0 5
0 6
0 9
0 11
0 12
0 14
0 18
0 31
0 39
0 40
0 41
0 42
0 48
0 53
0 57
0 60
0 64
0 81
0 87
0 98
1 2
1 3
1 15
1 17
1 19
1 25
1 26
1 33
1 67
1 94
2 3
2 4
2 5
2 8
2 12
2 14
2 18
2 19
2 23
2 27
2 29
2 30
2 33
2 37
2 38
2 39
2 52
2 63
2 69
3 6
3 12
3 13
3 19
3 21
3 28
3 68
3 79
3 84
4 7
4 30
5 8
5 10
5 11
5 12
5 14
5 21
5 22
5 41
5 71
5 74
5 94
6 9
6 17
6 25
6 34
6 39
6 48
6 50
6 51
6 90
7 16
7 53
7 78
8 12
8 20
8 23
8 33
9 18
9 33
9 55
9 60
10 20
10 80
11 20
11 24
11 25
11 49
11 62
11 89
11 92
12 13
12 15
12 18
12 33
12 34
12 57
12 70
12 71
12 77
13 27
13 60
14 32
15 28
15 38
16 26
16 27
16 84
16 96
17 21
17 35
17 98
18 37
18 87
18 97
19 60
19 62
19 96
21 43
21 78
22 38
23 29
23 53
24 31
24 67
25 65
26 79
27 39
28 36
28 62
30 88
32 52
32 54
34 51
34 56
34 69
34 74
35 47
36 51
37 63
37 66
40 68
40 72
40 83
41 53
42 70
43 56
43 59
43 75
44 76
44 80
45 55
45 59
45 81
46 72
46 90
47 50
47 81
47 91
47 99
48 58
49 61
49 62
50 58
52 88
53 58
53 73
54 56
54 76
55 83
56 65
57 99
61 82
63 93
64 75
66 85
69 95
73 77
77 82
79 97
85 91
86 89
86 92
93 95
