0 12
0 17
0 39
0 42
0 47
0 48
0 50
0 53
0 87
0 119
0 125
0 126
0 133
0 153
0 154
0 197
0 210
0 231
0 245
0 259
0 299
0 308
0 317
0 333
0 346
0 354
0 368
0 380
0 386
0 409
0 440
0 453
0 454
0 467
0 468
12 4
12 21
12 22
12 30
12 44
12 45
12 57
12 93
12 150
12 175
12 423
12 424
12 437
12 445
12 462
17 16
17 189
39 31
39 40
39 75
39 143
39 173
39 202
39 221
39 241
39 324
39 335
39 353
39 363
39 418
39 420
42 30
42 79
42 240
42 293
42 329
42 348
47 15
47 407
48 19
48 49
48 65
48 74
48 122
48 137
48 142
48 163
48 177
48 192
48 239
48 331
48 355
48 458
48 474
50 3
50 68
50 104
50 154
50 179
50 320
50 340
53 38
53 277
87 69
87 491
119 2
119 320
119 405
119 460
125 18
126 184
126 262
133 19
133 223
133 268
153 259
153 297
153 2
197 18
210 52
210 434
231 29
245 1
245 2
245 6
245 8
245 10
245 11
245 13
245 19
245 20
245 26
245 33
245 35
245 36
245 37
245 54
245 57
245 70
245 71
245 81
245 88
245 99
245 146
245 149
245 185
245 188
245 199
245 219
245 237
245 254
245 260
245 264
245 269
245 284
245 304
245 311
245 315
245 318
245 356
245 374
245 421
245 440
245 450
245 461
245 488
245 489
259 402
259 106
299 22
308 93
308 315
317 169
317 326
333 6
333 451
333 486
346 200
354 180
354 360
368 358
380 22
386 55
409 73
440 2
440 4
440 5
440 7
440 10
440 15
440 24
440 36
440 38
440 121
440 132
440 171
440 175
440 225
440 243
440 264
440 269
440 291
440 366
440 463
453 64
454 436
467 351
468 123
1 10
1 177
1 322
10 3
10 6
10 14
10 26
10 32
10 41
10 45
10 49
10 54
10 55
10 64
10 74
10 76
10 77
10 91
10 93
10 100
10 102
10 140
10 151
10 172
10 184
10 186
10 196
10 200
10 214
10 250
10 257
10 263
10 269
10 273
10 276
10 277
10 283
10 364
10 370
10 375
10 395
10 410
10 443
10 459
10 475
10 476
10 477
10 157
10 109
322 38
2 3
2 5
2 9
2 16
2 19
2 29
2 56
2 76
2 78
2 80
2 85
2 113
2 174
2 191
2 207
2 215
2 252
2 253
2 258
2 318
2 390
2 391
2 406
2 435
2 479
3 7
3 16
3 27
3 46
3 116
3 132
3 171
3 199
3 284
3 398
3 420
5 8
5 9
5 15
5 37
5 38
5 60
5 66
5 71
5 82
5 92
5 111
5 114
5 117
5 149
5 152
5 159
5 168
5 180
5 190
5 229
5 244
5 274
5 278
5 296
5 341
5 349
5 381
5 389
5 399
5 444
5 456
5 459
5 490
9 28
9 56
9 81
9 82
9 101
9 148
9 170
9 183
9 213
9 220
9 228
9 261
9 266
9 316
9 362
9 389
9 490
9 90
16 62
16 447
19 204
19 226
19 230
19 252
19 267
29 6
29 35
29 61
29 96
29 147
29 161
29 191
29 212
29 271
29 379
29 384
29 449
29 469
56 405
76 307
76 472
78 44
78 427
78 447
80 43
80 323
80 417
85 14
85 160
85 187
85 256
113 6
113 134
113 416
174 25
174 256
174 466
207 136
207 279
207 285
207 288
207 394
215 127
215 234
252 457
253 239
253 272
253 285
253 393
253 481
258 55
258 314
258 495
318 403
390 31
391 7
406 151
435 40
466 22
479 374
7 41
7 196
7 206
7 249
7 351
7 377
27 20
27 31
46 37
116 40
116 158
116 167
132 181
132 388
132 427
171 185
171 387
284 413
398 111
4 25
4 44
4 141
4 269
4 337
4 342
4 429
4 442
25 73
25 104
25 139
25 178
25 269
25 472
25 486
44 95
44 98
44 127
44 294
141 109
269 11
269 33
269 107
269 109
269 121
269 123
269 124
269 130
269 159
269 176
269 230
269 233
269 276
269 297
269 403
269 484
269 82
337 224
337 487
342 152
429 166
429 487
442 13
442 449
8 13
8 18
8 20
8 22
8 31
8 34
8 142
8 144
8 157
8 172
15 62
15 120
15 370
15 377
15 388
37 51
37 98
37 305
37 352
37 356
37 426
38 107
38 114
38 150
38 164
38 270
38 303
38 344
38 376
38 415
60 31
60 97
60 162
60 203
60 247
60 266
66 31
66 103
66 173
66 290
66 336
71 144
71 396
82 106
82 115
82 181
82 294
82 411
92 22
92 129
92 208
92 316
92 325
92 395
111 95
111 124
111 283
114 255
114 422
117 52
117 138
117 448
117 492
152 13
152 169
152 205
152 246
152 314
159 445
159 448
168 22
168 227
180 14
180 307
180 471
190 22
190 235
229 173
229 249
229 328
244 136
244 302
274 51
274 371
278 216
296 237
341 58
349 282
381 14
399 246
444 173
456 160
6 59
6 127
6 156
6 302
6 469
59 14
156 93
156 291
302 436
302 464
302 471
41 313
196 238
206 43
249 400
351 148
351 441
13 14
13 21
13 23
13 79
13 131
13 137
13 143
13 223
13 280
13 288
13 496
18 14
18 67
18 77
18 89
18 470
20 83
20 94
20 289
22 28
22 30
22 32
22 61
22 65
22 69
22 73
22 147
22 195
22 211
22 248
22 286
22 331
22 373
22 375
22 408
22 465
31 75
31 96
31 108
31 167
31 204
31 247
31 301
31 396
31 499
34 14
34 43
34 55
34 263
34 334
34 441
144 151
157 45
157 272
28 43
28 109
28 166
28 300
28 480
101 43
101 240
101 304
148 128
148 186
148 319
170 97
170 224
170 401
183 52
183 306
213 145
213 384
213 404
217 209
217 280
217 376
217 401
217 419
217 91
220 135
220 226
220 338
228 43
261 14
316 358
316 414
362 146
14 24
14 40
14 52
14 72
14 102
14 103
14 118
14 145
14 238
14 334
45 89
45 105
45 108
45 212
49 52
49 58
49 64
49 83
49 234
49 353
49 379
49 478
49 484
54 63
54 218
54 464
55 99
55 115
55 357
64 90
64 106
64 138
64 209
64 359
64 412
64 488
74 169
74 243
74 246
74 287
74 364
74 423
91 198
91 224
91 235
93 194
100 69
140 88
151 161
151 182
151 227
151 236
151 309
200 89
200 208
200 233
200 265
200 382
214 84
214 262
250 73
250 340
257 312
257 446
257 367
263 295
263 298
273 79
358 426
358 110
364 452
367 235
410 329
443 52
475 84
476 137
477 69
11 51
11 110
11 146
11 194
11 265
11 327
11 330
51 86
146 192
146 411
194 237
194 407
327 83
330 226
330 446
21 23
30 135
30 178
57 97
57 112
57 120
57 130
57 363
57 400
150 162
150 271
150 414
175 352
175 365
423 438
424 374
437 158
437 455
462 52
23 95
23 118
23 131
23 188
23 393
79 94
79 361
131 195
131 474
288 465
288 493
496 396
24 242
24 355
52 67
52 68
52 72
52 88
52 90
52 165
52 166
52 176
52 216
52 282
52 298
52 392
52 419
72 201
72 489
103 415
145 112
145 292
145 480
238 498
62 69
62 155
62 219
388 438
189 106
67 155
67 222
67 270
67 324
67 348
67 455
89 369
470 384
204 357
204 481
226 417
226 425
226 430
267 69
267 268
267 321
83 135
83 232
94 211
94 301
289 121
65 325
69 123
69 397
73 425
73 430
147 251
147 332
195 310
195 373
248 128
248 428
286 241
286 347
286 394
408 86
188 328
188 372
393 412
242 84
104 158
139 138
178 221
43 58
43 84
43 122
43 129
43 397
109 387
300 255
35 275
35 402
35 431
35 483
35 485
96 105
96 432
212 254
212 374
135 312
108 160
167 309
167 416
247 428
247 494
499 463
33 63
33 84
33 218
33 275
63 70
63 86
63 128
63 136
63 306
84 182
84 202
84 281
84 326
84 404
218 295
431 272
483 123
485 343
36 193
193 138
305 237
352 478
426 433
426 434
107 343
164 129
303 173
344 320
173 293
173 371
202 209
202 329
241 224
324 392
324 439
335 236
418 371
313 295
293 439
122 279
122 460
129 163
129 360
407 452
192 281
192 347
239 88
239 383
239 473
458 232
68 136
179 130
86 128
86 216
86 255
86 282
88 310
90 482
165 128
165 497
282 323
298 497
405 432
405 433
97 225
97 473
112 106
112 366
130 343
162 422
203 123
203 205
203 345
155 290
128 359
128 436
306 339
306 413
209 378
336 332
222 121
222 382
123 134
123 198
123 201
123 493
243 287
243 482
243 198
307 321
307 385
427 450
361 360
319 421
232 124
160 260
187 124
187 311
255 292
491 347
369 314
198 251
198 457
224 463
235 236
235 339
124 350
134 461
492 457
350 314
461 495
332 233
365 315
311 338
372 378
372 383
233 345
434 494
374 451
295 385
498 264
