0 1
0 2
0 3
0 4
0 5
0 9
0 11
0 12
0 14
0 18
0 39
0 40
0 41
0 42
0 48
0 53
0 57
0 60
0 87
0 98
0 37
0 19
0 8
0 26
1 15
1 17
1 19
1 25
1 33
1 67
1 94
1 62
1 47
1 6
2 3
2 4
2 8
2 12
2 14
2 18
2 19
2 23
2 29
2 30
2 33
2 38
2 39
2 52
2 63
2 69
2 28
2 31
2 60
2 5
3 6
3 12
3 13
3 19
3 21
3 28
3 68
3 79
3 84
3 91
4 7
4 30
5 8
5 10
5 12
5 22
5 41
5 71
5 74
5 94
5 25
5 19
5 16
6 9
6 17
6 25
6 34
6 39
6 50
6 51
6 90
6 73
9 18
9 33
9 55
9 60
11 20
11 24
11 25
11 49
11 89
11 92
11 84
11 40
12 13
12 18
12 33
12 34
12 57
12 70
12 71
12 68
12 64
12 27
14 32
14 91
18 87
18 97
18 21
31 78
39 15
40 72
40 77
41 53
42 70
48 58
48 77
53 7
53 23
53 58
53 73
57 99
60 13
64 75
81 45
81 47
81 62
98 96
15 28
15 38
17 21
17 35
17 47
19 96
26 16
26 79
33 8
67 24
8 20
8 23
23 29
27 13
27 16
27 24
30 88
37 63
37 66
37 85
38 22
52 32
52 88
63 93
69 34
69 95
21 43
21 65
28 36
79 97
7 16
7 78
10 20
10 80
74 44
34 51
34 56
34 80
50 58
50 16
51 36
90 46
55 45
55 83
49 61
49 62
62 83
89 86
92 86
77 82
32 54
35 47
43 56
43 59
43 75
65 56
54 56
54 76
47 99
66 85
72 46
59 45
44 76
61 82
93 95
