0 12
0 17
0 39
0 42
0 47
0 48
0 50
0 53
0 87
0 119
0 125
0 126
0 133
0 153
0 154
0 197
0 210
0 231
0 245
0 259
0 299
0 308
0 317
0 333
0 346
0 354
0 368
0 380
0 386
0 409
0 440
0 453
0 454
0 467
0 468
1 10
1 177
1 245
1 322
2 3
2 5
2 9
2 16
2 19
2 29
2 56
2 76
2 78
2 80
2 85
2 113
2 119
2 174
2 191
2 207
2 215
2 245
2 252
2 253
2 258
2 318
2 390
2 391
2 406
2 435
2 440
2 466
2 479
3 7
3 10
3 16
3 27
3 46
3 50
3 116
3 132
3 171
3 199
3 284
3 398
3 420
4 12
4 25
4 44
4 141
4 269
4 337
4 342
4 429
4 440
4 442
5 8
5 9
5 15
5 37
5 38
5 60
5 66
5 71
5 82
5 92
5 111
5 114
5 117
5 149
5 152
5 159
5 168
5 180
5 190
5 229
5 244
5 274
5 278
5 296
5 341
5 349
5 381
5 389
5 399
5 440
5 444
5 456
5 459
5 490
6 10
6 29
6 59
6 113
6 127
6 156
6 245
6 302
6 333
6 469
7 41
7 196
7 206
7 249
7 351
7 377
7 391
7 440
8 13
8 18
8 20
8 22
8 31
8 34
8 142
8 144
8 157
8 172
8 245
9 28
9 56
9 81
9 82
9 101
9 148
9 170
9 183
9 213
9 217
9 220
9 228
9 261
9 266
9 316
9 362
9 389
9 490
10 14
10 26
10 32
10 41
10 45
10 49
10 54
10 55
10 64
10 74
10 76
10 77
10 91
10 93
10 100
10 102
10 140
10 151
10 172
10 184
10 186
10 196
10 200
10 214
10 245
10 250
10 257
10 263
10 269
10 273
10 276
10 277
10 283
10 358
10 364
10 367
10 370
10 375
10 395
10 410
10 440
10 443
10 459
10 475
10 476
10 477
11 51
11 110
11 146
11 194
11 245
11 265
11 269
11 327
11 330
12 21
12 22
12 30
12 44
12 45
12 57
12 93
12 150
12 175
12 423
12 424
12 437
12 445
12 462
13 14
13 21
13 23
13 79
13 131
13 137
13 143
13 152
13 223
13 245
13 280
13 288
13 442
13 496
14 18
14 24
14 34
14 40
14 52
14 59
14 72
14 85
14 102
14 103
14 118
14 145
14 180
14 238
14 261
14 334
14 381
15 47
15 62
15 120
15 370
15 377
15 388
15 440
16 17
16 62
16 447
17 189
18 67
18 77
18 89
18 125
18 197
18 470
19 48
19 133
19 204
19 226
19 230
19 245
19 252
19 267
20 27
20 83
20 94
20 245
20 289
21 23
22 28
22 30
22 32
22 61
22 65
22 69
22 73
22 92
22 147
22 153
22 168
22 190
22 195
22 211
22 248
22 286
22 299
22 331
22 373
22 375
22 380
22 408
22 465
23 95
23 118
23 131
23 188
23 393
24 242
24 355
24 440
25 73
25 104
25 139
25 174
25 178
25 269
25 472
25 486
26 245
27 31
28 43
28 109
28 166
28 300
28 480
29 35
29 61
29 96
29 147
29 161
29 191
29 212
29 231
29 271
29 379
29 384
29 449
29 469
30 42
30 135
30 178
31 39
31 60
31 66
31 75
31 96
31 108
31 167
31 204
31 247
31 301
31 390
31 396
31 499
33 63
33 84
33 218
33 245
33 269
33 275
34 43
34 55
34 263
34 334
34 441
35 245
35 275
35 402
35 431
35 483
35 485
36 193
36 245
36 440
37 46
37 51
37 98
37 245
37 305
37 352
37 356
37 426
38 53
38 107
38 114
38 150
38 164
38 270
38 303
38 322
38 344
38 376
38 415
38 440
39 40
39 75
39 143
39 173
39 202
39 221
39 241
39 324
39 335
39 353
39 363
39 418
39 420
40 116
40 435
41 313
42 79
42 240
42 293
42 329
42 348
43 58
43 80
43 84
43 101
43 122
43 129
43 206
43 228
43 397
44 78
44 95
44 98
44 127
44 294
45 89
45 105
45 108
45 157
45 212
47 407
48 49
48 65
48 74
48 122
48 137
48 142
48 163
48 177
48 192
48 239
48 331
48 355
48 458
48 474
49 52
49 58
49 64
49 83
49 234
49 353
49 379
49 478
49 484
50 68
50 104
50 154
50 179
50 320
50 340
51 86
51 274
52 67
52 68
52 72
52 88
52 90
52 117
52 165
52 166
52 176
52 183
52 210
52 216
52 282
52 298
52 392
52 419
52 443
52 462
53 277
54 63
54 218
54 245
54 464
55 99
55 115
55 258
55 357
55 386
56 405
57 97
57 112
57 120
57 130
57 245
57 363
57 400
58 341
60 97
60 162
60 203
60 247
60 266
62 69
62 155
62 219
63 70
63 86
63 128
63 136
63 306
64 90
64 106
64 138
64 209
64 359
64 412
64 453
64 488
65 325
66 103
66 173
66 290
66 336
67 155
67 222
67 270
67 324
67 348
67 455
68 136
69 87
69 100
69 123
69 267
69 397
69 477
70 245
71 144
71 245
71 396
72 201
72 489
73 250
73 409
73 425
73 430
74 169
74 243
74 246
74 287
74 364
74 423
76 307
76 472
78 427
78 447
79 94
79 273
79 361
80 323
80 417
81 245
82 106
82 115
82 181
82 294
82 319
82 411
83 135
83 232
83 327
84 182
84 202
84 214
84 242
84 281
84 326
84 404
84 475
85 160
85 187
85 256
86 128
86 216
86 255
86 282
86 408
87 491
88 140
88 239
88 245
88 310
89 200
89 369
90 91
90 482
91 198
91 224
91 235
92 129
92 208
92 316
92 325
92 395
93 156
93 194
93 308
94 211
94 301
95 111
96 105
96 432
97 170
97 225
97 473
99 245
101 240
101 304
103 415
104 158
106 112
106 126
106 189
107 269
107 343
108 160
109 110
109 141
109 269
109 387
111 124
111 283
111 398
112 145
112 366
113 134
113 416
114 255
114 422
116 158
116 167
117 138
117 448
117 492
119 320
119 405
119 460
121 222
121 269
121 289
121 440
122 279
122 460
123 134
123 198
123 201
123 203
123 269
123 468
123 483
123 493
124 187
124 232
124 269
124 350
126 184
127 215
128 148
128 165
128 248
128 359
128 436
129 163
129 164
129 360
130 179
130 269
130 343
131 195
131 474
132 181
132 388
132 427
132 440
133 223
133 268
134 461
135 220
135 312
136 207
136 244
137 476
138 139
138 193
144 151
145 213
145 292
145 480
146 192
146 245
146 362
146 411
147 251
147 332
148 186
148 319
148 351
149 245
150 162
150 271
150 414
151 161
151 182
151 227
151 236
151 309
151 406
152 169
152 205
152 246
152 314
152 342
153 259
153 297
155 290
156 291
157 257
157 272
158 437
159 269
159 445
159 448
160 260
160 456
162 422
165 497
166 429
167 309
167 416
168 227
169 317
170 224
170 401
171 185
171 387
171 440
173 229
173 293
173 303
173 371
173 444
174 256
174 466
175 352
175 365
175 440
176 269
178 221
180 307
180 354
180 471
183 306
185 245
187 311
188 245
188 328
188 372
190 235
192 281
192 347
194 237
194 407
195 310
195 373
196 238
198 251
198 372
198 457
199 245
200 208
200 233
200 265
200 346
200 382
202 209
202 329
203 205
203 345
204 357
204 481
207 279
207 285
207 288
207 394
209 217
209 378
210 434
212 254
212 374
213 384
213 404
214 262
215 234
216 278
217 280
217 376
217 401
217 419
218 295
219 245
220 226
220 338
222 382
224 241
224 337
224 463
225 440
226 330
226 417
226 425
226 430
229 249
229 328
230 269
232 458
233 269
233 332
233 345
235 236
235 339
235 367
236 335
237 245
237 296
237 305
238 498
239 253
239 383
239 473
241 286
243 287
243 383
243 440
243 482
244 302
245 254
245 260
245 264
245 269
245 284
245 304
245 311
245 315
245 318
245 356
245 374
245 421
245 440
245 450
245 461
245 488
245 489
246 399
247 428
247 494
248 428
249 400
250 340
252 457
253 272
253 285
253 393
253 481
255 292
255 300
257 312
257 446
258 314
258 495
259 262
259 402
263 295
263 298
264 440
264 498
267 268
267 321
269 276
269 297
269 403
269 421
269 440
269 484
272 431
274 371
282 323
282 349
284 413
286 347
286 394
288 465
288 493
291 440
293 439
295 313
295 385
298 497
302 436
302 464
302 471
306 339
306 413
307 321
307 385
308 315
311 338
314 350
314 369
315 365
316 358
316 414
317 326
318 403
320 344
324 392
324 439
329 410
330 446
332 336
333 451
333 486
337 487
343 485
347 491
351 441
351 467
352 478
354 360
358 368
358 426
360 361
364 452
366 440
371 418
372 378
374 424
374 451
374 479
384 470
388 438
393 412
396 496
405 432
405 433
407 452
423 438
426 433
426 434
427 450
429 487
434 494
436 454
437 455
440 463
442 449
457 492
461 495
463 499
