0.000000000000000000e+00 0.000000000000000000e+00
2.253505706787109375e+00 0.000000000000000000e+00
0.000000000000000000e+00 1.513512492179870605e+00
1.222841072082519531e+01 0.000000000000000000e+00
3.976263999938964844e+00 0.000000000000000000e+00
0.000000000000000000e+00 5.548762798309326172e+00
4.882138967514038086e-01 0.000000000000000000e+00
1.185225677490234375e+01 2.165560483932495117e+00
3.837289333343505859e+00 7.509140968322753906e+00
1.205723762512207031e+00 0.000000000000000000e+00
5.328937053680419922e+00 0.000000000000000000e+00
3.117603778839111328e+00 6.241640448570251465e-02
9.708277702331542969e+00 1.826620817184448242e+00
8.436430931091308594e+00 1.118343591690063477e+00
1.128559112548828125e+01 1.959657073020935059e+00
5.991289615631103516e+00 0.000000000000000000e+00
9.731718063354492188e+00 1.886205911636352539e+00
1.267196273803710938e+01 6.704616546630859375e-01
1.257096862792968750e+01 0.000000000000000000e+00
8.063189506530761719e+00 1.831998586654663086e+00
8.830519676208496094e+00 9.293899536132812500e-01
9.546376228332519531e+00 1.669160723686218262e+00
1.129364395141601562e+01 1.758079409599304199e+00
9.840180397033691406e+00 1.786514401435852051e+00
9.341900825500488281e+00 1.700579285621643066e+00
6.119776964187622070e-01 6.635787963867187500e+00
1.403316688537597656e+01 1.719343781471252441e+00
1.818358421325683594e+00 2.048812150955200195e+00
1.549241828918457031e+01 2.401555776596069336e+00
4.760933876037597656e+00 2.890090227127075195e+00
6.424895524978637695e-01 4.016216278076171875e+00
8.316096305847167969e+00 2.999303102493286133e+00
5.086430072784423828e+00 4.524014472961425781e+00
7.357276678085327148e-01 1.836666941642761230e+00
3.422465324401855469e+00 8.868594169616699219e-01
3.135031700134277344e+00 1.774815797805786133e+00
3.393892765045166016e+00 9.042967557907104492e-01
3.300981998443603516e+00 1.226929187774658203e+00
3.465030670166015625e+00 8.059453964233398438e-01
2.144405364990234375e+00 1.240398764610290527e+00
4.245308399200439453e+00 9.820562601089477539e-01
2.759210586547851562e+00 1.100007653236389160e+00
2.735764265060424805e+00 1.893561005592346191e+00
2.093162775039672852e+00 3.339010477066040039e+00
3.001880645751953125e+00 3.643866062164306641e+00
2.537386417388916016e+00 2.908628702163696289e+00
2.825945377349853516e+00 2.722807168960571289e+00
2.603047370910644531e+00 2.890704393386840820e+00
2.762849330902099609e+00 2.766439914703369141e+00
5.281068801879882812e+00 2.081245660781860352e+00
4.157765865325927734e+00 6.531104564666748047e+00
2.219351768493652344e+00 6.113754749298095703e+00
2.197775840759277344e+00 4.932144165039062500e+00
4.010409832000732422e+00 5.073782920837402344e+00
1.056300258636474609e+01 2.530511140823364258e+00
1.270732498168945312e+01 1.134721040725708008e+00
1.111019992828369141e+01 2.563213825225830078e+00
1.240581607818603516e+01 2.238033533096313477e+00
8.987526893615722656e+00 1.519690394401550293e+00
9.236176490783691406e+00 1.541631579399108887e+00
9.423043251037597656e+00 5.107817649841308594e+00
9.507078170776367188e+00 2.387495040893554688e+00
9.862188339233398438e+00 2.046676635742187500e+00
9.506417274475097656e+00 4.259346485137939453e+00
1.029311847686767578e+01 4.347081661224365234e+00
1.065341377258300781e+01 4.560747146606445312e+00
9.178765296936035156e+00 4.849942684173583984e+00
9.178765296936035156e+00 4.849942684173583984e+00
1.586284518241882324e+00 4.958747863769531250e+00
1.761250138282775879e+00 4.868663311004638672e+00
1.010536575317382812e+01 2.153510332107543945e+00
4.942824363708496094e+00 1.679530739784240723e+00
9.289843559265136719e+00 2.058066844940185547e+00
8.926648139953613281e+00 2.099126338958740234e+00
1.106286048889160156e+01 2.971458911895751953e+00
1.006083488464355469e+01 2.978536844253540039e+00
9.491558074951171875e+00 1.543920397758483887e+00
9.140926361083984375e+00 2.019050598144531250e+00
1.236018371582031250e+01 3.449127435684204102e+00
1.083461380004882812e+01 1.992395997047424316e+00
1.041132831573486328e+01 2.046202182769775391e+00
7.995929241180419922e+00 1.883618712425231934e+00
8.268762588500976562e+00 2.995401620864868164e+00
8.367371559143066406e+00 2.851666927337646484e+00
1.007159614562988281e+01 2.336569309234619141e+00
9.138865470886230469e+00 2.633794546127319336e+00
6.515205860137939453e+00 5.730886459350585938e+00
1.048825836181640625e+01 1.774037003517150879e+00
9.314560890197753906e+00 2.444608688354492188e+00
8.627451896667480469e+00 2.232747316360473633e+00
9.986109733581542969e+00 2.157717704772949219e+00
9.011297225952148438e+00 1.775914907455444336e+00
6.741014003753662109e+00 1.303682208061218262e+00
7.737385749816894531e+00 5.783371925354003906e+00
6.700309276580810547e+00 1.262000679969787598e+00
9.401264190673828125e+00 1.924528956413269043e+00
7.769030094146728516e+00 1.691804289817810059e+00
9.060292243957519531e+00 1.928358674049377441e+00
9.798255920410156250e+00 3.438114404678344727e+00
7.178326606750488281e+00 4.223670959472656250e+00
