6.395069122314453125e+00 8.540253639221191406e+00
2.921908140182495117e+00 8.651473045349121094e+00
3.654050111770629883e+00 4.091631412506103516e+00
4.109841346740722656e+00 4.768967151641845703e+00
4.028383731842041016e+00 4.703866004943847656e+00
4.296245574951171875e+00 4.756298065185546875e+00
3.639829874038696289e+00 3.027150154113769531e+00
4.451274394989013672e+00 3.779770374298095703e+00
3.649593114852905273e+00 3.764780759811401367e+00
4.603421211242675781e+00 5.077374935150146484e+00
5.163228034973144531e+00 4.062030315399169922e+00
3.649302244186401367e+00 4.394004344940185547e+00
4.568700313568115234e+00 4.081999778747558594e+00
3.885021448135375977e+00 3.865504980087280273e+00
4.326549053192138672e+00 3.982450962066650391e+00
4.190383434295654297e+00 4.815389156341552734e+00
3.649302244186401367e+00 4.394004344940185547e+00
4.294478893280029297e+00 4.433354377746582031e+00
4.213166713714599609e+00 4.373739719390869141e+00
1.514875173568725586e+00 6.935864925384521484e+00
3.746323347091674805e+00 4.192050457000732422e+00
3.716097116470336914e+00 4.116125583648681641e+00
4.296026706695556641e+00 3.805453300476074219e+00
2.875440835952758789e+00 3.359966516494750977e+00
4.129534244537353516e+00 4.768861770629882812e+00
4.087829589843750000e+00 4.298508167266845703e+00
3.847350835800170898e+00 4.227528095245361328e+00
3.716097116470336914e+00 4.116125583648681641e+00
3.855119943618774414e+00 4.133738517761230469e+00
4.363214492797851562e+00 9.420397758483886719e+00
3.597374677658081055e+00 4.538117408752441406e+00
3.675794124603271484e+00 4.862747669219970703e+00
3.656164407730102539e+00 4.731392860412597656e+00
3.680336713790893555e+00 4.406049251556396484e+00
3.743803024291992188e+00 4.540368556976318359e+00
3.960370063781738281e+00 4.208835124969482422e+00
3.335918188095092773e+00 2.369508743286132812e+00
3.333446979522705078e+00 1.772636413574218750e+00
6.003489494323730469e+00 4.670758724212646484e+00
3.727858304977416992e+00 8.620638847351074219e-01
3.193826675415039062e+00 2.095058917999267578e+00
2.410256147384643555e+00 1.407927036285400391e+00
3.871524333953857422e+00 6.304035663604736328e+00
3.263504743576049805e+00 1.581931710243225098e+00
4.016400337219238281e+00 1.272567391395568848e+00
3.627891063690185547e+00 1.196747303009033203e+00
3.651360988616943359e+00 1.405716657638549805e+00
4.473456859588623047e+00 1.996149778366088867e+00
3.154098272323608398e+00 1.802764654159545898e+00
3.573539972305297852e+00 2.020282745361328125e+00
3.619614362716674805e+00 2.099369049072265625e+00
2.206014394760131836e+00 1.872350215911865234e+00
4.281975269317626953e+00 4.816813945770263672e+00
0.000000000000000000e+00 4.505054056644439697e-01
6.962776780128479004e-01 0.000000000000000000e+00
6.652242541313171387e-01 1.895076930522918701e-01
6.903341412544250488e-02 9.987562894821166992e-03
1.363671302795410156e+00 3.842262625694274902e-01
0.000000000000000000e+00 4.166106879711151123e-01
0.000000000000000000e+00 0.000000000000000000e+00
6.406571865081787109e-01 5.165263414382934570e-01
9.508792161941528320e-01 5.542398691177368164e-01
1.883360594511032104e-01 0.000000000000000000e+00
3.086176514625549316e-02 0.000000000000000000e+00
0.000000000000000000e+00 2.265392303466796875e+00
7.520354390144348145e-01 0.000000000000000000e+00
1.222614049911499023e+00 0.000000000000000000e+00
2.453279495239257812e+00 1.757838249206542969e+00
1.798267126083374023e+00 1.181038737297058105e+00
2.820884704589843750e+00 2.012246608734130859e+00
2.609351634979248047e+00 2.382656812667846680e+00
2.229810714721679688e+00 2.066131114959716797e+00
2.950227737426757812e+00 1.629821300506591797e+00
2.250780105590820312e+00 3.004201650619506836e+00
1.852643013000488281e+00 7.320363521575927734e+00
9.890652298927307129e-01 2.212220430374145508e+00
1.222617387771606445e+00 2.174201011657714844e+00
1.950591325759887695e+00 3.471811294555664062e+00
1.137278318405151367e+00 3.123049259185791016e+00
1.223754644393920898e+00 2.054551124572753906e+00
8.855305910110473633e-01 2.664656162261962891e+00
8.758319020271301270e-01 2.064194917678833008e+00
1.201337099075317383e+00 2.827050685882568359e+00
8.322810530662536621e-01 2.524644374847412109e+00
1.430352449417114258e+00 3.111572504043579102e+00
8.534722924232482910e-01 2.341676235198974609e+00
1.898294925689697266e+00 3.795016050338745117e+00
1.041972756385803223e+00 2.589730739593505859e+00
9.061449170112609863e-01 2.665566444396972656e+00
2.943406581878662109e+00 8.923172950744628906e-01
2.997714996337890625e+00 2.533793926239013672e+00
1.465680599212646484e+00 2.398862838745117188e+00
2.479264259338378906e+00 2.780796051025390625e+00
3.147342681884765625e+00 2.713107109069824219e+00
2.197757005691528320e+00 2.642374277114868164e+00
3.418906211853027344e+00 4.378115177154541016e+00
1.834077835083007812e+00 2.201102256774902344e+00
2.224496603012084961e+00 2.303924083709716797e+00
1.740755081176757812e+00 2.060429573059082031e+00
4.639790534973144531e+00 7.077982425689697266e+00
2.224502325057983398e+00 3.054805278778076172e+00
1.508475780487060547e+00 2.526817321777343750e+00
2.217925786972045898e+00 2.506119251251220703e+00
2.154418468475341797e+00 2.526370048522949219e+00
1.966696500778198242e+00 2.360158443450927734e+00
2.040172100067138672e+00 1.982345819473266602e+00
2.415856838226318359e+00 2.099480152130126953e+00
2.893644809722900391e+00 2.343537330627441406e+00
2.891599178314208984e+00 2.601026535034179688e+00
5.087155818939208984e+00 3.487043857574462891e+00
3.096359491348266602e+00 1.379300475120544434e+00
2.712218046188354492e+00 2.255828380584716797e+00
1.551495075225830078e+00 6.799928188323974609e+00
2.006100893020629883e+00 6.137949943542480469e+00
2.104855060577392578e+00 6.737699031829833984e+00
1.932881593704223633e+00 6.914781570434570312e+00
3.202414035797119141e+00 6.510463237762451172e+00
7.347881793975830078e+00 7.627283096313476562e+00
2.303158283233642578e+00 6.602806568145751953e+00
1.842419147491455078e+00 6.612718105316162109e+00
2.979275465011596680e+00 6.287036418914794922e+00
1.693863391876220703e+00 6.432001590728759766e+00
2.446153879165649414e+00 6.918679714202880859e+00
2.848737716674804688e+00 5.963107585906982422e+00
3.044150590896606445e+00 6.500761508941650391e+00
2.387894392013549805e+00 6.417932033538818359e+00
1.535818576812744141e+00 6.498731136322021484e+00
1.882878541946411133e+00 6.638491630554199219e+00
2.419194459915161133e+00 7.395755290985107422e+00
2.170349359512329102e+00 6.895661830902099609e+00
1.908882856369018555e+00 5.663234710693359375e+00
1.789437532424926758e+00 6.605755805969238281e+00
2.018048286437988281e+00 6.941874027252197266e+00
1.517472743988037109e+00 5.791245937347412109e+00
2.593500852584838867e+00 6.701008319854736328e+00
2.218281030654907227e+00 7.016933917999267578e+00
2.040462017059326172e+00 7.007632255554199219e+00
1.584937810897827148e+00 6.167088985443115234e+00
1.878336906433105469e+00 6.831655025482177734e+00
2.186056852340698242e+00 6.918133735656738281e+00
3.271934509277343750e+00 9.247931480407714844e+00
2.406864881515502930e+00 6.790390491485595703e+00
1.754586935043334961e+00 6.558969974517822266e+00
1.992633581161499023e+00 6.452176570892333984e+00
1.914752483367919922e+00 6.517691612243652344e+00
1.959450483322143555e+00 7.194953441619873047e+00
2.009121894836425781e+00 7.313649177551269531e+00
6.028350591659545898e-01 5.349093914031982422e+00
2.355499029159545898e+00 6.524779319763183594e+00
2.148787021636962891e+00 6.728795528411865234e+00
1.610667943954467773e+00 6.856125354766845703e+00
1.786330699920654297e+00 6.828382968902587891e+00
1.779451370239257812e+00 6.494565486907958984e+00
2.320691585540771484e+00 2.729129791259765625e+00
2.189753770828247070e+00 1.713828802108764648e+00
6.552460789680480957e-01 2.796274423599243164e+00
1.789763450622558594e+00 2.110428810119628906e+00
2.452569723129272461e+00 2.204148054122924805e+00
2.747061252593994141e+00 3.215342044830322266e+00
2.816743850708007812e+00 2.321408510208129883e+00
5.519523620605468750e-01 2.312164545059204102e+00
3.155489444732666016e+00 2.632279634475708008e+00
2.803567409515380859e+00 2.101745128631591797e+00
2.058347225189208984e+00 2.141703605651855469e+00
2.713677644729614258e+00 2.190479755401611328e+00
2.092002630233764648e+00 1.515242695808410645e+00
1.847735166549682617e+00 3.354876518249511719e+00
5.541745185852050781e+00 4.428376197814941406e+00
4.521769046783447266e+00 3.469960212707519531e+00
2.801099300384521484e+00 2.319225788116455078e+00
1.988214969635009766e+00 1.562952160835266113e+00
3.506707191467285156e+00 2.806467533111572266e+00
3.727679491043090820e+00 1.454130411148071289e+00
2.008723735809326172e+00 2.158992528915405273e+00
3.313555002212524414e+00 7.976919412612915039e-01
2.609257221221923828e+00 2.119224309921264648e+00
2.570722103118896484e+00 2.391855001449584961e+00
2.227654695510864258e+00 2.837744712829589844e+00
1.494394302368164062e+00 1.316051721572875977e+00
2.167205810546875000e+00 1.832047224044799805e+00
2.249130249023437500e+00 3.220596313476562500e+00
2.433017492294311523e+00 2.212054729461669922e+00
1.437968492507934570e+00 3.573851585388183594e+00
1.491775512695312500e+00 1.768254995346069336e+00
2.135032176971435547e+00 2.519348382949829102e+00
1.592863082885742188e+00 1.593536734580993652e+00
1.328642845153808594e+00 1.811388492584228516e+00
2.691921949386596680e+00 2.859930515289306641e+00
2.140832185745239258e+00 2.730741024017333984e+00
2.635022878646850586e+00 2.218714237213134766e+00
2.010270833969116211e+00 2.631577491760253906e+00
2.357720136642456055e+00 1.784754037857055664e+00
1.812580347061157227e+00 1.983398675918579102e+00
2.117769479751586914e+00 2.025681972503662109e+00
2.773809671401977539e+00 3.333679676055908203e+00
1.382061004638671875e+00 1.577395558357238770e+00
1.734965801239013672e+00 2.278756618499755859e+00
2.607231140136718750e+00 1.994445800781250000e+00
2.241354703903198242e+00 2.356546878814697266e+00
1.947707176208496094e+00 1.734746456146240234e+00
1.619331359863281250e+00 1.870886802673339844e+00
1.790479660034179688e+00 2.019715785980224609e+00
2.052612543106079102e+00 2.102023124694824219e+00
1.943868637084960938e+00 2.177201271057128906e+00
1.491775512695312500e+00 1.768254995346069336e+00
2.257826089859008789e+00 2.992497444152832031e+00
1.074895024299621582e+00 1.582653760910034180e+00
1.713433504104614258e+00 2.401014804840087891e+00
1.658652544021606445e+00 2.211320161819458008e+00
1.985904932022094727e+00 2.858308792114257812e+00
1.579885244369506836e+00 2.187247514724731445e+00
2.140832185745239258e+00 2.730741024017333984e+00
6.065592169761657715e-01 3.827485442161560059e-01
2.987910509109497070e+00 1.813576817512512207e+00
1.618429660797119141e+00 5.992258787155151367e-01
2.161435842514038086e+00 1.701735258102416992e+00
1.832680463790893555e+00 2.136920690536499023e+00
2.256325006484985352e+00 1.914563417434692383e+00
1.718930006027221680e+00 2.061357021331787109e+00
1.178204774856567383e+00 1.398146390914916992e+00
1.637315750122070312e+00 1.536633729934692383e+00
2.752047538757324219e+00 1.194761991500854492e+00
1.920156478881835938e+00 1.299493432044982910e+00
1.948120832443237305e+00 1.718171358108520508e+00
2.582747936248779297e+00 2.003261089324951172e+00
1.661291599273681641e+00 1.827306985855102539e+00
2.082014560699462891e+00 1.850336670875549316e+00
1.757376909255981445e+00 1.697711229324340820e+00
1.810575962066650391e+00 1.581867218017578125e+00
1.808020353317260742e+00 1.831585168838500977e+00
1.594704627990722656e+00 1.565158605575561523e+00
2.573611021041870117e+00 1.880917072296142578e+00
3.771180391311645508e+00 2.715493202209472656e+00
3.075841665267944336e+00 2.301827907562255859e+00
2.036360263824462891e+00 1.416879534721374512e+00
2.962681055068969727e+00 2.013922214508056641e+00
1.924298524856567383e+00 2.044333457946777344e+00
1.779638290405273438e+00 2.231893539428710938e+00
2.904512882232666016e+00 3.881516218185424805e+00
1.319414138793945312e+00 1.662917733192443848e+00
2.483255863189697266e+00 2.539915084838867188e+00
9.389990568161010742e-01 2.707847833633422852e+00
1.509588003158569336e+00 2.218503475189208984e+00
1.306219816207885742e+00 8.406188488006591797e-01
2.722366571426391602e+00 1.780226469039916992e+00
1.817002058029174805e+00 1.839476346969604492e+00
1.924114704132080078e+00 2.260349273681640625e+00
1.870071887969970703e+00 2.320501804351806641e+00
2.274884223937988281e+00 1.844864368438720703e+00
2.618376970291137695e+00 2.111882209777832031e+00
1.526836156845092773e+00 2.865927934646606445e+00
1.454574346542358398e+00 2.502364873886108398e+00
2.513732194900512695e+00 2.493762493133544922e+00
2.235986232757568359e+00 2.658810853958129883e+00
2.788028240203857422e+00 2.240947246551513672e+00
1.836580514907836914e+00 2.610702991485595703e+00
2.344419002532958984e+00 2.028950691223144531e+00
1.893530607223510742e+00 2.248189926147460938e+00
1.710367441177368164e+00 2.620084762573242188e+00
1.836580514907836914e+00 2.610703229904174805e+00
3.698104143142700195e+00 2.999235153198242188e+00
2.790783166885375977e+00 2.789479255676269531e+00
1.401760816574096680e+00 1.732326030731201172e+00
2.364056825637817383e+00 1.877703189849853516e+00
2.139799356460571289e+00 2.457014083862304688e+00
1.832112073898315430e+00 2.014425754547119141e+00
2.200204372406005859e+00 2.097110748291015625e+00
2.551414489746093750e+00 2.527659416198730469e+00
2.133794546127319336e+00 2.451787948608398438e+00
2.759646415710449219e+00 2.478678941726684570e+00
1.834547519683837891e+00 2.435538053512573242e+00
2.229928493499755859e+00 2.843429327011108398e+00
2.051537990570068359e+00 2.060727596282958984e+00
2.936106920242309570e+00 3.152156352996826172e+00
2.104340791702270508e+00 2.809064626693725586e+00
2.037582874298095703e+00 4.124788761138916016e+00
2.881891012191772461e+00 2.063633918762207031e+00
1.714122295379638672e+00 2.673126220703125000e+00
2.458732128143310547e+00 1.422376632690429688e+00
1.927767753601074219e+00 1.960749864578247070e+00
2.757040500640869141e+00 3.221827030181884766e+00
2.391332626342773438e+00 2.026879072189331055e+00
2.339594602584838867e+00 2.161813735961914062e+00
1.881898880004882812e+00 2.660316467285156250e+00
2.875443696975708008e+00 2.566422224044799805e+00
1.881059408187866211e+00 2.119577884674072266e+00
1.769719362258911133e+00 1.599122762680053711e+00
2.320802450180053711e+00 1.872805595397949219e+00
2.175256013870239258e+00 2.064033508300781250e+00
2.539923906326293945e+00 1.888833284378051758e+00
1.900861501693725586e+00 2.592407464981079102e+00
1.943291902542114258e+00 4.351049900054931641e+00
2.264049291610717773e+00 3.008140563964843750e+00
1.707613468170166016e+00 2.648206233978271484e+00
2.370306253433227539e+00 2.247823476791381836e+00
2.121898174285888672e+00 1.896613121032714844e+00
3.139974832534790039e+00 3.448236227035522461e+00
2.248124599456787109e+00 3.168216705322265625e+00
2.057915687561035156e+00 2.974105358123779297e+00
1.213353633880615234e+00 1.361305356025695801e+00
1.640164852142333984e+00 7.056865692138671875e-01
2.814263343811035156e+00 2.380550861358642578e+00
2.608013629913330078e+00 3.047485113143920898e+00
2.884301662445068359e+00 2.758268833160400391e+00
2.890968322753906250e+00 2.817745208740234375e+00
3.117965221405029297e+00 3.063108205795288086e+00
2.099260091781616211e+00 4.288547992706298828e+00
1.811956644058227539e+00 2.290372371673583984e+00
1.944815397262573242e+00 2.363904476165771484e+00
1.864324331283569336e+00 2.302652359008789062e+00
2.202413320541381836e+00 2.448239326477050781e+00
2.251842498779296875e+00 2.788919925689697266e+00
1.768090963363647461e+00 1.569410443305969238e+00
1.820650815963745117e+00 1.488924741744995117e+00
2.336386442184448242e+00 1.538843154907226562e+00
2.091826200485229492e+00 2.829168796539306641e+00
2.108732700347900391e+00 2.533095836639404297e+00
2.382371425628662109e+00 2.501310586929321289e+00
1.403793334960937500e+00 1.064623594284057617e+00
2.957067728042602539e+00 2.569649934768676758e+00
2.611961603164672852e+00 2.405467033386230469e+00
2.833098173141479492e+00 2.853354454040527344e+00
2.333279132843017578e+00 2.720057487487792969e+00
1.955885648727416992e+00 1.582391977310180664e+00
2.643576383590698242e+00 2.677739381790161133e+00
2.709335327148437500e+00 2.124685764312744141e+00
2.483510494232177734e+00 2.645335435867309570e+00
3.058523178100585938e+00 2.295483350753784180e+00
1.941857337951660156e+00 1.867439031600952148e+00
1.510056257247924805e+00 2.177084684371948242e+00
1.568618059158325195e+00 2.556607246398925781e+00
2.267301082611083984e+00 4.245349407196044922e+00
2.320802927017211914e+00 4.150907516479492188e+00
1.492502212524414062e+00 1.836995363235473633e+00
2.397730112075805664e+00 1.784743309020996094e+00
1.184274435043334961e+00 3.785717010498046875e+00
2.270339012145996094e+00 2.282567977905273438e+00
1.956956624984741211e+00 2.159804344177246094e+00
1.899460792541503906e+00 1.688015937805175781e+00
2.320937633514404297e+00 2.863212108612060547e+00
2.248951435089111328e+00 2.012076854705810547e+00
2.028315782546997070e+00 2.428500175476074219e+00
2.655776977539062500e+00 1.990829110145568848e+00
1.987493276596069336e+00 2.223840713500976562e+00
1.270093679428100586e+00 3.271639823913574219e+00
7.431640028953552246e-01 4.393073558807373047e+00
1.404421091079711914e+00 2.418452262878417969e+00
2.300410985946655273e+00 2.562195301055908203e+00
1.981308698654174805e+00 1.467739105224609375e+00
2.353039741516113281e+00 1.623451828956604004e+00
2.323219060897827148e+00 2.600384235382080078e+00
2.413331031799316406e+00 2.282123327255249023e+00
3.189212322235107422e+00 2.315278768539428711e+00
4.275323152542114258e-01 2.726632118225097656e+00
2.398446321487426758e+00 2.144319295883178711e+00
2.809682607650756836e+00 1.971633434295654297e+00
3.831159472465515137e-01 4.659805774688720703e+00
1.678535461425781250e+00 2.480594158172607422e+00
9.655290842056274414e-01 1.973791122436523438e+00
2.232910156250000000e+00 2.768383026123046875e+00
2.064335346221923828e+00 2.368341922760009766e+00
2.187095880508422852e+00 2.107854127883911133e+00
2.064973592758178711e+00 2.083088874816894531e+00
2.497828960418701172e+00 2.318887710571289062e+00
2.751557111740112305e+00 2.263840675354003906e+00
2.320732355117797852e+00 1.937400937080383301e+00
1.831160306930541992e+00 2.572078704833984375e+00
4.504908561706542969e+00 3.241182804107666016e+00
2.502287387847900391e+00 3.237155914306640625e+00
2.664197921752929688e+00 3.233260631561279297e+00
1.554516077041625977e+00 1.880795240402221680e+00
2.504791259765625000e+00 2.749092578887939453e+00
2.758733034133911133e+00 3.034395694732666016e+00
2.787810087203979492e+00 2.503355026245117188e+00
2.210085391998291016e+00 2.387056827545166016e+00
2.518684864044189453e+00 1.851321458816528320e+00
3.057237863540649414e+00 2.546681404113769531e+00
1.706747770309448242e+00 2.218225002288818359e+00
2.358544826507568359e+00 1.280753731727600098e+00
2.345473766326904297e+00 2.095846652984619141e+00
1.976765155792236328e+00 3.275897026062011719e+00
2.190138816833496094e+00 1.935926675796508789e+00
1.727777481079101562e+00 2.068267107009887695e+00
2.420730590820312500e+00 2.730031490325927734e+00
2.018570423126220703e+00 3.317272663116455078e+00
2.665006399154663086e+00 2.158091068267822266e+00
4.243263900279998779e-01 2.988897800445556641e+00
1.434544086456298828e+00 2.203440666198730469e+00
2.223928689956665039e+00 2.352697610855102539e+00
4.007365703582763672e+00 3.621624946594238281e+00
6.113101243972778320e-01 4.250447273254394531e+00
1.707031488418579102e+00 2.152655124664306641e+00
1.454343318939208984e+00 2.843834877014160156e+00
7.491136193275451660e-01 1.133588552474975586e+00
2.180328071117401123e-01 2.740054130554199219e+00
1.343424558639526367e+00 1.895745038986206055e+00
1.921528816223144531e+00 2.261804580688476562e+00
4.408659040927886963e-01 1.873984813690185547e+00
1.714777469635009766e+00 1.683573722839355469e+00
3.946435689926147461e+00 3.579949855804443359e+00
2.445207357406616211e+00 3.171821594238281250e+00
2.924325704574584961e+00 3.161190986633300781e+00
1.443092107772827148e+00 1.932606220245361328e+00
1.804667711257934570e+00 1.791239738464355469e+00
9.224258661270141602e-01 8.666816949844360352e-01
2.212100028991699219e+00 2.284861564636230469e+00
1.931003093719482422e+00 2.326553821563720703e+00
1.674122571945190430e+00 2.158686637878417969e+00
1.759792327880859375e+00 1.752250909805297852e+00
1.528298377990722656e+00 3.324896812438964844e+00
2.648115158081054688e+00 2.518822193145751953e+00
2.437394380569458008e+00 2.526960372924804688e+00
2.894932508468627930e+00 2.228624820709228516e+00
2.294239759445190430e+00 1.892341852188110352e+00
1.887670755386352539e+00 2.514587879180908203e+00
1.648307085037231445e+00 2.090530395507812500e+00
2.831930398941040039e+00 3.212015867233276367e+00
1.410899162292480469e-01 3.000876903533935547e+00
3.022902965545654297e+00 2.131726741790771484e+00
3.047138452529907227e+00 1.336944103240966797e+00
2.098228931427001953e+00 2.507337093353271484e+00
8.563956618309020996e-01 3.232885837554931641e+00
4.020982980728149414e-02 3.195885896682739258e+00
2.073435544967651367e+00 1.862864494323730469e+00
1.672008752822875977e+00 1.744742035865783691e+00
9.023820757865905762e-01 8.491895198822021484e-01
2.752505064010620117e+00 2.791084289550781250e+00
2.713843584060668945e+00 2.614342212677001953e+00
2.690659284591674805e+00 2.186167955398559570e+00
9.439999461174011230e-01 2.405100345611572266e+00
1.412413120269775391e+00 1.570003032684326172e+00
2.156505823135375977e+00 1.026258468627929688e+00
2.238013505935668945e+00 2.685452461242675781e+00
2.496388196945190430e+00 2.777676105499267578e+00
3.291676282882690430e+00 1.449354887008666992e+00
1.020259022712707520e+00 1.125165939331054688e+00
1.384136438369750977e+00 2.316434383392333984e+00
1.742900848388671875e+00 1.555587887763977051e+00
2.304808139801025391e+00 1.943633079528808594e+00
2.244711637496948242e+00 2.279085397720336914e+00
1.695438027381896973e-01 3.509127616882324219e+00
2.454149246215820312e+00 3.106934547424316406e+00
2.255048513412475586e+00 2.288803100585937500e+00
1.568094015121459961e+00 1.366284966468811035e+00
1.566043376922607422e+00 1.941562056541442871e+00
1.485777616500854492e+00 4.364732265472412109e+00
2.418765783309936523e+00 2.506653785705566406e+00
2.055989503860473633e+00 2.475103139877319336e+00
2.958863258361816406e+00 2.133409976959228516e+00
2.114261865615844727e+00 2.053844928741455078e+00
2.278619050979614258e+00 2.411290645599365234e+00
3.378281354904174805e+00 2.454782009124755859e+00
2.533288955688476562e+00 2.403203010559082031e+00
2.092116117477416992e+00 1.905445694923400879e+00
1.696472883224487305e+00 2.194489955902099609e+00
2.367114305496215820e+00 1.880781412124633789e+00
7.412838935852050781e-01 4.450825214385986328e+00
2.777136325836181641e+00 2.675982475280761719e+00
2.447362422943115234e+00 2.929484128952026367e+00
1.911995649337768555e+00 2.713818073272705078e+00
2.775954961776733398e+00 2.368548631668090820e+00
2.017822265625000000e+00 1.954682707786560059e+00
1.914105415344238281e+00 1.939311265945434570e+00
2.899312496185302734e+00 4.220769405364990234e+00
1.643481731414794922e+00 1.899029254913330078e+00
1.604069471359252930e+00 2.699942111968994141e+00
1.802990674972534180e+00 2.119336605072021484e+00
2.115805149078369141e+00 2.705223083496093750e+00
2.580216407775878906e+00 3.339823246002197266e+00
1.522065877914428711e+00 2.010384321212768555e+00
1.915907144546508789e+00 1.842384576797485352e+00
1.915907144546508789e+00 1.842384576797485352e+00
2.467621803283691406e+00 2.490302085876464844e+00
3.070646524429321289e+00 3.114072322845458984e+00
2.012794256210327148e+00 1.785958647727966309e+00
2.537900686264038086e+00 3.156953811645507812e+00
1.798755884170532227e+00 2.282660007476806641e+00
2.431442499160766602e+00 2.611695289611816406e+00
2.058786153793334961e+00 4.625597476959228516e+00
1.714446544647216797e+00 1.454666733741760254e+00
2.211909055709838867e+00 2.312937498092651367e+00
2.383060455322265625e+00 2.311391830444335938e+00
1.730486869812011719e+00 1.641679525375366211e+00
2.180255174636840820e+00 1.347763776779174805e+00
2.492079973220825195e+00 1.858371376991271973e+00
2.682462692260742188e+00 2.303779602050781250e+00
2.057054758071899414e+00 2.896903991699218750e+00
2.212473630905151367e+00 2.629580974578857422e+00
1.515482902526855469e+00 2.089861869812011719e+00
2.094749450683593750e+00 9.442555904388427734e-01
2.218611955642700195e+00 2.329375267028808594e+00
2.959261178970336914e+00 2.412006139755249023e+00
2.633105754852294922e+00 2.320288896560668945e+00
2.388684272766113281e+00 2.107809066772460938e+00
2.193447589874267578e+00 2.507591247558593750e+00
1.964564085006713867e+00 1.927200317382812500e+00
2.379551172256469727e+00 1.915581941604614258e+00
1.629695415496826172e+00 1.704026460647583008e+00
2.416704177856445312e+00 2.315579414367675781e+00
1.980184793472290039e+00 2.356090545654296875e+00
