6.395069122314453125e+00 8.540253639221191406e+00
2.921908140182495117e+00 8.651473045349121094e+00
3.654050111770629883e+00 4.091631412506103516e+00
4.109841346740722656e+00 4.768967151641845703e+00
4.028383731842041016e+00 4.703866004943847656e+00
4.296245574951171875e+00 4.756298065185546875e+00
3.639829874038696289e+00 3.027150154113769531e+00
4.254769802093505859e+00 3.313150882720947266e+00
3.649593114852905273e+00 3.764780759811401367e+00
4.603421211242675781e+00 5.077374935150146484e+00
5.163228034973144531e+00 4.062030315399169922e+00
3.649302244186401367e+00 4.394004344940185547e+00
4.568700313568115234e+00 4.081999778747558594e+00
4.071649074554443359e+00 4.365732669830322266e+00
3.467383623123168945e+00 3.493778228759765625e+00
4.363169193267822266e+00 4.341032028198242188e+00
3.649302244186401367e+00 4.394004344940185547e+00
4.077097892761230469e+00 4.598682403564453125e+00
4.411078453063964844e+00 4.190363407135009766e+00
1.869754076004028320e+00 6.763679981231689453e+00
3.997534275054931641e+00 5.120113372802734375e+00
3.716097116470336914e+00 4.116125583648681641e+00
1.791125059127807617e+00 4.881759166717529297e+00
4.479238510131835938e+00 3.794935226440429688e+00
3.429804325103759766e+00 4.091099262237548828e+00
4.225095748901367188e+00 4.570807933807373047e+00
4.002771377563476562e+00 4.365380764007568359e+00
3.716097116470336914e+00 4.116125583648681641e+00
3.847350835800170898e+00 4.227528095245361328e+00
4.152457237243652344e+00 4.710930347442626953e+00
3.794559955596923828e+00 8.104453086853027344e+00
3.816551685333251953e+00 4.481828212738037109e+00
3.691108942031860352e+00 4.358878612518310547e+00
3.597374677658081055e+00 4.538117885589599609e+00
3.855119943618774414e+00 4.133738517761230469e+00
3.502183914184570312e+00 8.411880493164062500e+00
3.271610736846923828e+00 4.243484020233154297e+00
3.591219186782836914e+00 1.414398193359375000e+00
4.280551433563232422e+00 2.633591651916503906e+00
3.944810867309570312e+00 1.307496070861816406e+00
2.996898651123046875e+00 1.050417780876159668e+00
3.312100887298583984e+00 1.887770891189575195e+00
4.167104244232177734e+00 6.510285854339599609e+00
4.603543758392333984e+00 2.150878429412841797e+00
3.569322586059570312e+00 2.435937404632568359e+00
3.525217294692993164e+00 1.448812127113342285e+00
3.651360988616943359e+00 1.405716657638549805e+00
3.862132787704467773e+00 1.424328804016113281e+00
3.982907772064208984e+00 2.186214923858642578e+00
3.615210771560668945e+00 1.459647178649902344e+00
3.913745403289794922e+00 1.607410669326782227e+00
2.002097368240356445e+00 5.071696043014526367e-01
2.206014394760131836e+00 1.872350215911865234e+00
1.033173561096191406e+00 1.933182239532470703e+00
0.000000000000000000e+00 0.000000000000000000e+00
1.002689525485038757e-01 0.000000000000000000e+00
1.392712742090225220e-01 0.000000000000000000e+00
3.812602758407592773e-01 2.265841960906982422e-01
0.000000000000000000e+00 0.000000000000000000e+00
2.712413072586059570e-01 0.000000000000000000e+00
1.655118763446807861e-01 8.591628074645996094e-02
0.000000000000000000e+00 0.000000000000000000e+00
1.813822686672210693e-01 4.470190405845642090e-02
3.086176514625549316e-02 0.000000000000000000e+00
0.000000000000000000e+00 2.265392303466796875e+00
0.000000000000000000e+00 0.000000000000000000e+00
1.222614049911499023e+00 0.000000000000000000e+00
1.800229310989379883e+00 1.980960130691528320e+00
2.811126947402954102e+00 1.814054608345031738e+00
2.048862218856811523e+00 1.565008640289306641e+00
2.884134292602539062e+00 1.874975085258483887e+00
2.321435213088989258e+00 1.644285917282104492e+00
1.542719602584838867e+00 1.794212341308593750e+00
2.503018617630004883e+00 2.570538282394409180e+00
1.779709815979003906e+00 6.788975238800048828e+00
1.771174669265747070e+00 2.574694633483886719e+00
7.548323273658752441e-01 1.699791908264160156e+00
1.428317546844482422e+00 3.841795444488525391e+00
1.487053632736206055e+00 2.903522729873657227e+00
9.833344817161560059e-01 2.485584735870361328e+00
1.043153762817382812e+00 2.407807350158691406e+00
6.529511213302612305e-01 2.478390216827392578e+00
2.415142536163330078e+00 1.891422748565673828e+00
8.534722924232482910e-01 2.341676235198974609e+00
1.028548479080200195e+00 2.783769845962524414e+00
9.192136526107788086e-01 2.653114318847656250e+00
8.944707512855529785e-01 2.815988779067993164e+00
7.139047980308532715e-01 2.776567935943603516e+00
1.581597328186035156e+00 2.685256004333496094e+00
3.269318342208862305e+00 3.433040618896484375e+00
2.595631837844848633e+00 2.490781784057617188e+00
2.298882484436035156e+00 3.412751913070678711e+00
2.815852165222167969e+00 2.917656898498535156e+00
3.147342681884765625e+00 2.713107109069824219e+00
2.120486497879028320e+00 2.668850421905517578e+00
3.367251396179199219e+00 4.598452091217041016e+00
2.092665433883666992e+00 2.419998645782470703e+00
1.582347154617309570e+00 2.567415714263916016e+00
1.135991096496582031e+00 1.759033679962158203e+00
5.319682598114013672e+00 7.339943408966064453e+00
2.513264417648315430e+00 2.260040283203125000e+00
1.508475780487060547e+00 2.526817321777343750e+00
1.947939157485961914e+00 1.717666983604431152e+00
2.707647562026977539e+00 2.845128297805786133e+00
2.133318662643432617e+00 2.552955150604248047e+00
2.229460954666137695e+00 1.706557750701904297e+00
2.558048248291015625e+00 2.286891460418701172e+00
2.330791711807250977e+00 2.193625450134277344e+00
1.510540962219238281e+00 2.143234968185424805e+00
3.075672388076782227e+00 7.989890575408935547e-01
2.524590015411376953e+00 2.211027145385742188e+00
2.069136857986450195e+00 7.114057540893554688e+00
2.704648733139038086e+00 6.777499675750732422e+00
3.695726633071899414e+00 6.935588359832763672e+00
1.034162282943725586e+00 7.369894504547119141e+00
3.267920017242431641e+00 6.278376102447509766e+00
5.689802169799804688e+00 8.901170730590820312e+00
1.503118038177490234e+00 6.101180553436279297e+00
1.936243057250976562e+00 6.771341800689697266e+00
3.014059543609619141e+00 6.237736701965332031e+00
2.822298765182495117e+00 8.095658302307128906e+00
2.128045082092285156e+00 7.234392166137695312e+00
2.596812486648559570e+00 6.427690029144287109e+00
2.925402164459228516e+00 6.299208164215087891e+00
2.387894392013549805e+00 6.417932033538818359e+00
2.204218626022338867e+00 6.570810794830322266e+00
2.236390352249145508e+00 6.860978603363037109e+00
1.589919567108154297e+00 6.657155990600585938e+00
1.944830417633056641e+00 6.423482418060302734e+00
3.214860439300537109e+00 6.600875854492187500e+00
2.170349359512329102e+00 6.895661830902099609e+00
2.160346984863281250e+00 6.796781063079833984e+00
1.237187385559082031e+00 5.885808944702148438e+00
2.593500852584838867e+00 6.701008319854736328e+00
2.012748718261718750e+00 6.650361537933349609e+00
1.851487159729003906e+00 6.860497951507568359e+00
1.945681571960449219e+00 6.687913894653320312e+00
1.998468160629272461e+00 7.015811443328857422e+00
2.585256576538085938e+00 6.982037067413330078e+00
2.083179712295532227e+00 6.060128688812255859e+00
2.366238117218017578e+00 6.873721599578857422e+00
2.120379686355590820e+00 6.826714038848876953e+00
2.559330940246582031e+00 6.758829116821289062e+00
1.843412160873413086e+00 6.484858989715576172e+00
1.691366910934448242e+00 6.645742416381835938e+00
1.004366159439086914e+00 6.306167125701904297e+00
1.963890552520751953e+00 6.507712841033935547e+00
2.089320659637451172e+00 6.485823631286621094e+00
1.833397626876831055e+00 6.585627079010009766e+00
1.974076509475708008e+00 6.763452053070068359e+00
1.982520341873168945e+00 6.731265068054199219e+00
2.028430938720703125e+00 2.085242748260498047e+00
2.547125339508056641e+00 2.541085720062255859e+00
1.843878269195556641e+00 1.331831216812133789e+00
1.922632217407226562e+00 2.070314168930053711e+00
1.566128969192504883e+00 2.153889179229736328e+00
1.130127906799316406e-02 3.337180376052856445e+00
2.059319734573364258e+00 1.783743619918823242e+00
1.788293361663818359e+00 2.190915822982788086e+00
1.894746780395507812e+00 3.111368656158447266e+00
2.691691160202026367e+00 2.391740560531616211e+00
2.700118064880371094e+00 2.286589384078979492e+00
1.682463884353637695e+00 1.654573440551757812e+00
2.882861137390136719e+00 2.530855655670166016e+00
1.634610414505004883e+00 2.296751499176025391e+00
5.807966709136962891e+00 5.095801830291748047e+00
3.288233280181884766e+00 2.610259056091308594e+00
2.481120347976684570e+00 3.103587627410888672e+00
1.092870354652404785e+00 1.612863779067993164e+00
3.272823572158813477e+00 1.519066095352172852e+00
2.624940395355224609e+00 2.287051677703857422e+00
2.016956329345703125e+00 2.561311006546020508e+00
2.177760362625122070e+00 1.740187644958496094e+00
2.383874893188476562e+00 2.780832052230834961e+00
1.951001644134521484e+00 2.691074848175048828e+00
2.209070920944213867e+00 3.099809646606445312e+00
2.737527608871459961e+00 2.206563472747802734e+00
2.227019071578979492e+00 1.849822521209716797e+00
2.610800981521606445e+00 1.980412483215332031e+00
2.138328313827514648e+00 1.659957170486450195e+00
1.693693399429321289e+00 1.797291278839111328e+00
2.314802646636962891e+00 1.943315267562866211e+00
2.210017204284667969e+00 1.086539149284362793e+00
1.680336713790893555e+00 1.943568706512451172e+00
2.454988956451416016e+00 2.549242496490478516e+00
2.103455305099487305e+00 1.921913266181945801e+00
1.591649532318115234e+00 2.344434976577758789e+00
2.296201467514038086e+00 1.720666646957397461e+00
2.489778041839599609e+00 1.878804564476013184e+00
1.924245834350585938e+00 2.041018962860107422e+00
1.615432500839233398e+00 1.370678782463073730e+00
2.628630638122558594e+00 2.395288228988647461e+00
1.792171001434326172e+00 2.385406017303466797e+00
2.224336385726928711e+00 2.307426452636718750e+00
2.041145086288452148e+00 2.197419643402099609e+00
2.400659084320068359e+00 1.809450030326843262e+00
2.487266540527343750e+00 2.378067493438720703e+00
1.862880706787109375e+00 1.697288155555725098e+00
1.658276796340942383e+00 1.887332439422607422e+00
1.988585710525512695e+00 1.993255853652954102e+00
2.079578638076782227e+00 2.246958255767822266e+00
1.693693399429321289e+00 1.797291278839111328e+00
1.811148643493652344e+00 2.158957719802856445e+00
1.314264774322509766e+00 1.754274368286132812e+00
2.337224960327148438e+00 1.979974031448364258e+00
2.342057704925537109e+00 2.388545989990234375e+00
1.782495021820068359e+00 2.048342227935791016e+00
2.130642890930175781e+00 2.193256855010986328e+00
2.103455305099487305e+00 1.921913266181945801e+00
2.368549585342407227e+00 1.970744729042053223e+00
2.613634824752807617e+00 1.679106116294860840e+00
1.715080022811889648e+00 2.629775762557983398e+00
1.650472402572631836e+00 1.500868558883666992e+00
2.089592933654785156e+00 2.682913780212402344e+00
1.517752885818481445e+00 1.964470982551574707e+00
1.372717142105102539e+00 2.002557754516601562e+00
2.340745449066162109e+00 1.408689975738525391e+00
1.602710485458374023e+00 1.332341194152832031e+00
2.050045967102050781e+00 1.833949327468872070e+00
1.715636968612670898e+00 1.158961296081542969e+00
1.511254787445068359e+00 1.826322078704833984e+00
1.670342445373535156e+00 1.725019454956054688e+00
2.082014560699462891e+00 1.850336551666259766e+00
1.458625793457031250e+00 1.281288862228393555e+00
1.316277503967285156e+00 9.031451940536499023e-01
1.808020353317260742e+00 1.831585168838500977e+00
1.378803014755249023e+00 1.680748939514160156e+00
1.884089469909667969e+00 1.469168901443481445e+00
1.749069929122924805e+00 1.806269407272338867e+00
1.687580585479736328e+00 8.992321491241455078e-01
3.563495159149169922e+00 2.669734716415405273e+00
2.765735864639282227e+00 2.156862020492553711e+00
4.612194061279296875e+00 4.230588912963867188e+00
2.804938316345214844e+00 2.020672559738159180e+00
1.199095487594604492e+00 2.826776027679443359e+00
2.591832160949707031e+00 2.258103370666503906e+00
2.405130863189697266e+00 1.316810727119445801e+00
3.766536951065063477e+00 1.183877110481262207e+00
1.914077520370483398e+00 2.852679491043090820e+00
2.061712026596069336e+00 1.519831180572509766e+00
2.780265331268310547e+00 1.798147439956665039e+00
2.471921443939208984e+00 2.021604061126708984e+00
1.873019456863403320e+00 2.159890174865722656e+00
2.361127614974975586e+00 2.399633646011352539e+00
2.654116868972778320e+00 2.436210155487060547e+00
2.761976957321166992e+00 2.499651432037353516e+00
2.222375154495239258e+00 2.608026266098022461e+00
3.028297185897827148e+00 2.753768920898437500e+00
2.982458591461181641e+00 2.438759803771972656e+00
2.160000324249267578e+00 3.119688034057617188e+00
2.091373920440673828e+00 2.768411636352539062e+00
2.746898412704467773e+00 2.836522817611694336e+00
1.987427473068237305e+00 2.305860519409179688e+00
2.566782236099243164e+00 2.632502555847167969e+00
2.315070390701293945e+00 2.732581615447998047e+00
2.746898412704467773e+00 2.836522579193115234e+00
2.101518392562866211e+00 2.215908527374267578e+00
2.504238605499267578e+00 1.945867538452148438e+00
3.127729654312133789e+00 2.029553890228271484e+00
1.951317548751831055e+00 2.920840501785278320e+00
2.170051813125610352e+00 1.613323211669921875e+00
2.675913572311401367e+00 1.873353958129882812e+00
2.021907567977905273e+00 1.580201268196105957e+00
3.347667932510375977e+00 1.532271981239318848e+00
2.299912929534912109e+00 2.007966518402099609e+00
1.850579023361206055e+00 2.651732206344604492e+00
2.662075996398925781e+00 2.317089557647705078e+00
2.729880332946777344e+00 2.399676799774169922e+00
2.036278963088989258e+00 1.900124549865722656e+00
1.203268527984619141e+00 1.691682815551757812e+00
2.114844799041748047e+00 1.947088360786437988e+00
3.267370939254760742e+00 2.168994903564453125e+00
2.778891324996948242e+00 2.666764259338378906e+00
2.272836446762084961e+00 1.723831415176391602e+00
2.927802801132202148e+00 2.100176334381103516e+00
2.456565141677856445e+00 1.786712408065795898e+00
2.794245719909667969e+00 2.574753284454345703e+00
2.603351831436157227e+00 1.502946972846984863e+00
1.838858842849731445e+00 2.118380546569824219e+00
3.437621116638183594e+00 2.299774169921875000e+00
2.400251150131225586e+00 1.664181232452392578e+00
3.168969392776489258e+00 1.729782342910766602e+00
2.687729597091674805e+00 2.110369205474853516e+00
2.743871212005615234e+00 1.991178274154663086e+00
3.644709825515747070e+00 2.725227117538452148e+00
2.654245376586914062e+00 2.420727252960205078e+00
3.717878818511962891e+00 3.552318572998046875e+00
3.468086719512939453e+00 2.852753162384033203e+00
1.779515981674194336e+00 3.102003812789916992e+00
2.279518127441406250e+00 1.359149694442749023e+00
1.399269580841064453e+00 2.436153411865234375e+00
1.826046466827392578e+00 2.106325626373291016e+00
2.356368064880371094e+00 2.640823602676391602e+00
2.481389999389648438e+00 2.708587408065795898e+00
3.625366687774658203e+00 3.414158344268798828e+00
3.424759626388549805e+00 1.030840635299682617e+00
1.438735961914062500e+00 2.462635517120361328e+00
2.285137414932250977e+00 3.259554862976074219e+00
1.686104059219360352e+00 3.523019552230834961e+00
1.960011005401611328e+00 3.108572006225585938e+00
2.122256994247436523e+00 2.781860351562500000e+00
1.995834350585937500e+00 3.005745649337768555e+00
1.891542673110961914e+00 3.731072902679443359e+00
1.257899045944213867e+00 1.542189598083496094e+00
2.390716075897216797e+00 2.354292869567871094e+00
1.983047008514404297e+00 2.824738025665283203e+00
1.901172637939453125e+00 2.560609817504882812e+00
2.075931787490844727e+00 2.825987339019775391e+00
2.748934030532836914e+00 3.185743808746337891e+00
2.789108037948608398e+00 2.350796699523925781e+00
1.772795200347900391e+00 1.698082923889160156e+00
1.987080812454223633e+00 1.598279237747192383e+00
2.402760267257690430e+00 2.751636505126953125e+00
2.150747776031494141e+00 2.076440572738647461e+00
1.389338731765747070e+00 1.117822885513305664e+00
2.654318332672119141e+00 2.631186008453369141e+00
3.237980365753173828e+00 3.553147792816162109e+00
3.333769798278808594e+00 3.851318836212158203e+00
2.727524995803833008e+00 2.560712575912475586e+00
2.303359746932983398e+00 1.547204971313476562e+00
2.290303945541381836e+00 2.300214767456054688e+00
1.756875276565551758e+00 2.029525279998779297e+00
2.846049547195434570e+00 3.049937009811401367e+00
1.856226205825805664e+00 2.001023530960083008e+00
2.649976015090942383e+00 2.636938571929931641e+00
1.872836112976074219e+00 2.514076232910156250e+00
1.806285858154296875e+00 3.947057247161865234e+00
1.892653703689575195e+00 4.103870868682861328e+00
2.377650022506713867e+00 4.258217811584472656e+00
1.164329886436462402e+00 2.437475204467773438e+00
2.183984518051147461e+00 2.125630855560302734e+00
3.044391632080078125e+00 2.540509223937988281e+00
1.589567899703979492e+00 1.704349160194396973e+00
7.375094294548034668e-01 4.273945331573486328e+00
2.157445907592773438e+00 1.622505187988281250e+00
1.315727949142456055e+00 1.154376983642578125e+00
1.667498350143432617e+00 1.678669214248657227e+00
2.853971958160400391e+00 2.527050971984863281e+00
2.189749002456665039e+00 1.922092676162719727e+00
1.920405626296997070e+00 1.936962127685546875e+00
2.185924768447875977e+00 1.868838191032409668e+00
2.141018867492675781e+00 1.985737681388854980e+00
1.739987611770629883e+00 1.495626330375671387e+00
1.574435949325561523e+00 3.039940834045410156e+00
7.431640028953552246e-01 4.393073558807373047e+00
2.046461105346679688e+00 2.684004783630371094e+00
2.301068544387817383e+00 2.450396060943603516e+00
1.969625473022460938e+00 2.389780044555664062e+00
2.228816747665405273e+00 2.708281993865966797e+00
2.348130464553833008e+00 1.924794077873229980e+00
2.205356359481811523e+00 2.240588426589965820e+00
2.413331031799316406e+00 2.282123327255249023e+00
3.189212322235107422e+00 2.315278768539428711e+00
2.196835041046142578e+00 2.089024543762207031e+00
1.860560894012451172e+00 2.056448459625244141e+00
2.252472877502441406e+00 3.843209981918334961e+00
3.587323665618896484e+00 2.221665382385253906e+00
3.272356986999511719e+00 1.935545921325683594e+00
2.371062338352203369e-01 1.330936670303344727e+00
1.314180374145507812e+00 9.931217432022094727e-01
4.079979658126831055e-01 2.606126070022583008e-01
2.623164415359497070e+00 2.389729261398315430e+00
2.259835720062255859e+00 1.930706262588500977e+00
1.804398536682128906e+00 1.687070369720458984e+00
2.065490961074829102e+00 1.742012143135070801e+00
1.640729665756225586e+00 1.973249793052673340e+00
1.420951366424560547e+00 1.914187669754028320e+00
1.788441419601440430e+00 2.254657506942749023e+00
1.890521287918090820e+00 1.237859725952148438e+00
2.766088485717773438e+00 2.135698556900024414e+00
2.347107887268066406e+00 3.211843252182006836e+00
2.201245307922363281e+00 2.030862331390380859e+00
2.375499486923217773e+00 2.309104442596435547e+00
2.949831008911132812e+00 2.806624889373779297e+00
2.294977903366088867e+00 2.449950456619262695e+00
1.539399862289428711e+00 1.620178461074829102e+00
2.269730329513549805e+00 2.481446743011474609e+00
2.677300214767456055e+00 3.177229881286621094e+00
2.313357114791870117e+00 2.331311225891113281e+00
2.723568439483642578e+00 2.701677799224853516e+00
2.283023595809936523e+00 2.429085254669189453e+00
1.661712884902954102e+00 1.843558549880981445e+00
2.328878402709960938e+00 1.967832803726196289e+00
1.680637121200561523e+00 2.504343509674072266e+00
3.862464129924774170e-01 3.151806354522705078e+00
2.390994787216186523e+00 2.551356792449951172e+00
2.230912446975708008e+00 2.658200263977050781e+00
1.973179101943969727e+00 2.486447811126708984e+00
4.563791155815124512e-01 4.048766136169433594e+00
4.955290317535400391e+00 2.083300590515136719e+00
1.959595441818237305e+00 1.976986646652221680e+00
2.210369110107421875e+00 2.024489402770996094e+00
1.765674829483032227e+00 1.861679673194885254e+00
1.781160831451416016e+00 1.458773851394653320e+00
1.364225447177886963e-01 2.831746101379394531e+00
1.577816963195800781e+00 1.417174339294433594e+00
3.301122665405273438e+00 2.477750778198242188e+00
2.899959325790405273e+00 3.619184970855712891e+00
2.031868934631347656e+00 2.239728450775146484e+00
1.888447046279907227e+00 1.299566388130187988e+00
1.266645669937133789e+00 2.529550790786743164e+00
1.503664970397949219e+00 2.964032649993896484e+00
1.345924615859985352e+00 1.961020231246948242e+00
1.978186845779418945e+00 2.017261266708374023e+00
2.398077249526977539e+00 2.036473274230957031e+00
1.482788562774658203e+00 1.507709026336669922e+00
1.674122571945190430e+00 2.158686637878417969e+00
1.451416730880737305e+00 1.823174357414245605e+00
1.523158550262451172e+00 3.164011478424072266e+00
2.052406311035156250e+00 2.700927972793579102e+00
2.828928470611572266e+00 2.650575160980224609e+00
2.958309412002563477e+00 2.680734157562255859e+00
1.913002252578735352e+00 2.256441593170166016e+00
9.896608591079711914e-01 1.800982475280761719e+00
2.163012981414794922e+00 1.797912597656250000e+00
2.321654081344604492e+00 2.129769802093505859e+00
2.039499998092651367e+00 1.994164943695068359e+00
1.720315694808959961e+00 5.688701868057250977e-01
2.400697231292724609e+00 1.133985757827758789e+00
2.256238460540771484e+00 2.189060926437377930e+00
1.674299240112304688e+00 1.416941761970520020e+00
2.409087896347045898e+00 2.217076301574707031e+00
2.318006515502929688e+00 1.831395387649536133e+00
2.039826631546020508e+00 2.932741641998291016e+00
1.768352508544921875e+00 2.201360225677490234e+00
2.423838853836059570e+00 2.222521543502807617e+00
2.094905138015747070e+00 2.539901971817016602e+00
1.500395774841308594e+00 2.387005805969238281e+00
1.701835632324218750e+00 1.220543146133422852e+00
1.198731422424316406e+00 2.776163101196289062e+00
1.412413120269775391e+00 1.570003032684326172e+00
2.722586870193481445e+00 2.034838199615478516e+00
2.603758096694946289e+00 2.218538284301757812e+00
2.105883836746215820e+00 2.215729951858520508e+00
2.509112358093261719e+00 2.049976587295532227e+00
2.167689323425292969e+00 2.422204494476318359e+00
1.939481735229492188e+00 1.886655449867248535e+00
1.474213123321533203e+00 1.627796649932861328e+00
2.135251998901367188e+00 2.593183994293212891e+00
1.773227453231811523e+00 2.014744758605957031e+00
1.715607643127441406e+00 1.358723640441894531e+00
1.553734540939331055e+00 1.332377672195434570e+00
3.294287443161010742e+00 2.870725154876708984e+00
1.303801774978637695e+00 1.701355218887329102e+00
1.228109836578369141e+00 1.449831485748291016e+00
2.194137811660766602e+00 2.581986427307128906e+00
2.821229457855224609e+00 3.022538661956787109e+00
2.258291244506835938e+00 3.163904905319213867e+00
2.810637950897216797e+00 2.193759918212890625e+00
1.474370718002319336e+00 2.175575256347656250e+00
2.401973247528076172e+00 2.962716341018676758e+00
2.559773683547973633e+00 2.922311067581176758e+00
1.932063817977905273e+00 2.081811428070068359e+00
1.730979442596435547e+00 2.444501876831054688e+00
1.725625038146972656e+00 1.070433378219604492e+00
1.678288936614990234e+00 1.946974396705627441e+00
1.239081859588623047e+00 4.255797863006591797e+00
2.126317024230957031e+00 2.539983272552490234e+00
2.408100843429565430e+00 2.813421010971069336e+00
2.602479934692382812e+00 2.627553939819335938e+00
1.612436056137084961e+00 2.475628376007080078e+00
1.674724340438842773e+00 2.214888095855712891e+00
2.182690143585205078e+00 2.301346778869628906e+00
2.238496541976928711e+00 1.978952646255493164e+00
1.734697580337524414e+00 2.548347234725952148e+00
9.832041859626770020e-01 1.367353558540344238e+00
2.238549232482910156e+00 2.770793914794921875e+00
1.817444801330566406e+00 2.156678676605224609e+00
2.323474407196044922e+00 2.716959476470947266e+00
2.065026283264160156e+00 2.493865966796875000e+00
2.029456138610839844e+00 1.968902587890625000e+00
2.715848207473754883e+00 1.537123918533325195e+00
2.715848207473754883e+00 1.537123918533325195e+00
1.557630538940429688e+00 1.870250463485717773e+00
2.495886802673339844e+00 2.204313278198242188e+00
2.548924684524536133e+00 2.691201210021972656e+00
1.971511363983154297e+00 1.574788331985473633e+00
1.992756605148315430e+00 2.199415683746337891e+00
1.794602155685424805e+00 2.077732086181640625e+00
2.049509048461914062e+00 1.478352785110473633e+00
1.563881397247314453e+00 2.025349617004394531e+00
3.776074409484863281e+00 3.115417957305908203e+00
2.736527681350708008e+00 1.464708089828491211e+00
2.705954074859619141e+00 2.471956253051757812e+00
2.585680007934570312e+00 2.621107578277587891e+00
2.125419616699218750e+00 2.721595764160156250e+00
2.775173425674438477e+00 2.183330059051513672e+00
1.718115091323852539e+00 2.457638263702392578e+00
3.852281808853149414e+00 2.417844772338867188e+00
1.412023305892944336e+00 2.049473524093627930e+00
2.796936750411987305e+00 1.928671598434448242e+00
2.218611955642700195e+00 2.329375267028808594e+00
1.641351699829101562e+00 2.152970790863037109e+00
1.809966802597045898e+00 1.969880580902099609e+00
1.986387491226196289e+00 2.240607500076293945e+00
2.150213479995727539e+00 2.211906433105468750e+00
2.293221473693847656e+00 1.419929742813110352e+00
1.663186550140380859e+00 1.615759849548339844e+00
2.391651391983032227e+00 1.933975219726562500e+00
1.875463008880615234e+00 2.414697170257568359e+00
