6.395069122314453125e+00 8.540253639221191406e+00
2.921908140182495117e+00 8.651473045349121094e+00
3.654050111770629883e+00 4.091631412506103516e+00
4.109841346740722656e+00 4.768967151641845703e+00
4.028383731842041016e+00 4.703866004943847656e+00
4.296245574951171875e+00 4.756298065185546875e+00
3.639829874038696289e+00 3.027150154113769531e+00
4.673441886901855469e+00 3.487468957901000977e+00
3.649593114852905273e+00 3.764780759811401367e+00
4.603421211242675781e+00 5.077374935150146484e+00
3.649302244186401367e+00 4.394004344940185547e+00
4.568700313568115234e+00 4.081999778747558594e+00
4.209828376770019531e+00 4.228493213653564453e+00
3.496734857559204102e+00 7.708707332611083984e+00
4.190383434295654297e+00 4.815389156341552734e+00
3.649302244186401367e+00 4.394004344940185547e+00
4.294478893280029297e+00 4.433354377746582031e+00
4.213166713714599609e+00 4.373739719390869141e+00
1.606350660324096680e+00 7.338023662567138672e+00
3.366060495376586914e+00 4.279178142547607422e+00
3.716097116470336914e+00 4.116125583648681641e+00
1.980734825134277344e+00 4.734777927398681641e+00
3.595809221267700195e+00 4.050956726074218750e+00
3.545802116394042969e+00 4.115763664245605469e+00
4.580153942108154297e+00 4.140625000000000000e+00
3.477217912673950195e+00 4.370245456695556641e+00
3.716097116470336914e+00 4.116125583648681641e+00
4.152457237243652344e+00 4.710930347442626953e+00
4.074555397033691406e+00 4.637101650238037109e+00
5.183184146881103516e+00 6.012077808380126953e+00
3.691109418869018555e+00 4.358878612518310547e+00
3.597374677658081055e+00 4.538117408752441406e+00
3.675794124603271484e+00 4.862747192382812500e+00
4.114291191101074219e+00 4.099154472351074219e+00
3.862139940261840820e+00 4.444292545318603516e+00
4.330845832824707031e+00 3.983022451400756836e+00
2.762470722198486328e+00 2.549994468688964844e+00
3.495411634445190430e+00 1.173486351966857910e+00
4.292888641357421875e+00 2.888784885406494141e+00
4.008107185363769531e+00 1.933494091033935547e+00
3.152440071105957031e+00 1.470643997192382812e+00
3.876312017440795898e+00 1.150551199913024902e+00
4.485870361328125000e+00 1.458491683006286621e+00
4.423894882202148438e+00 2.866594314575195312e+00
3.443777084350585938e+00 1.893154859542846680e+00
3.937391519546508789e+00 1.635563373565673828e+00
3.781496763229370117e+00 1.930624961853027344e+00
3.703876256942749023e+00 1.655124664306640625e+00
3.653207063674926758e+00 1.629897832870483398e+00
4.152338504791259766e+00 2.311825990676879883e+00
3.619614362716674805e+00 2.099369049072265625e+00
1.863588571548461914e+00 5.890560150146484375e-01
2.206014394760131836e+00 1.872350215911865234e+00
1.585670471191406250e+00 0.000000000000000000e+00
5.164178609848022461e-01 9.045106172561645508e-02
6.652242541313171387e-01 1.895076930522918701e-01
6.903341412544250488e-02 9.987562894821166992e-03
4.410283863544464111e-01 0.000000000000000000e+00
9.424842894077301025e-02 1.131445169448852539e-03
1.843704134225845337e-01 1.488341540098190308e-01
5.908330678939819336e-01 0.000000000000000000e+00
7.859044075012207031e-01 1.984617561101913452e-01
1.813822686672210693e-01 4.470190405845642090e-02
3.252764940261840820e-01 0.000000000000000000e+00
0.000000000000000000e+00 2.265392303466796875e+00
0.000000000000000000e+00 3.998398482799530029e-01
1.222614049911499023e+00 0.000000000000000000e+00
2.513788223266601562e+00 2.593005180358886719e+00
2.626923799514770508e+00 1.453462004661560059e+00
2.820884704589843750e+00 2.012246608734130859e+00
2.407315969467163086e+00 1.774747014045715332e+00
1.742444276809692383e+00 1.421719193458557129e+00
2.366243600845336914e+00 2.553957462310791016e+00
2.355382680892944336e+00 3.338190555572509766e+00
6.972051262855529785e-01 2.560236454010009766e+00
1.114075899124145508e+00 3.474382638931274414e+00
1.277679443359375000e+00 3.013658761978149414e+00
8.855305910110473633e-01 2.664656162261962891e+00
9.608957171440124512e-01 2.718618392944335938e+00
1.201337099075317383e+00 2.827050685882568359e+00
6.461988687515258789e-01 2.751301288604736328e+00
2.071325778961181641e+00 2.770336627960205078e+00
8.534722924232482910e-01 2.341676235198974609e+00
1.028548479080200195e+00 2.783769845962524414e+00
1.503788948059082031e+00 2.804915428161621094e+00
1.127323389053344727e+00 2.081030845642089844e+00
2.651405096054077148e+00 2.530474185943603516e+00
9.157602190971374512e-01 1.910108208656311035e+00
7.787972688674926758e-02 1.743645191192626953e+00
1.989940643310546875e+00 4.603600025177001953e+00
2.193832397460937500e+00 2.537659645080566406e+00
2.151311635971069336e+00 2.398788213729858398e+00
2.156105756759643555e+00 2.690307378768920898e+00
2.518311977386474609e+00 2.600737810134887695e+00
2.576279878616333008e+00 2.360864162445068359e+00
3.518411397933959961e+00 2.357892990112304688e+00
1.834077835083007812e+00 2.201102256774902344e+00
1.605772972106933594e+00 2.470932960510253906e+00
1.901637554168701172e+00 2.907944917678833008e+00
4.888696670532226562e+00 3.811547279357910156e+00
1.925652027130126953e+00 2.837865352630615234e+00
2.088999748229980469e+00 2.401342391967773438e+00
2.543676376342773438e+00 2.056404829025268555e+00
2.610517263412475586e+00 2.728286266326904297e+00
2.467452287673950195e+00 2.466993570327758789e+00
3.118180751800537109e+00 2.428369998931884766e+00
2.123200893402099609e+00 2.415220022201538086e+00
2.440023660659790039e+00 2.829523563385009766e+00
2.134230852127075195e+00 1.825370073318481445e+00
2.657713413238525391e+00 1.178873181343078613e+00
2.749567270278930664e+00 2.141815423965454102e+00
2.334211111068725586e+00 2.289753437042236328e+00
1.836048126220703125e+00 2.703279256820678711e+00
3.441968679428100586e+00 1.888180255889892578e+00
2.148249626159667969e+00 2.325169086456298828e+00
2.985833168029785156e+00 3.982021331787109375e+00
2.991450071334838867e+00 2.986745834350585938e+00
7.037225246429443359e+00 4.330846309661865234e+00
1.571991443634033203e+00 2.548408031463623047e+00
2.198764085769653320e+00 2.257976055145263672e+00
3.020111560821533203e+00 2.351167917251586914e+00
3.023077011108398438e+00 2.826608657836914062e+00
2.192633867263793945e+00 1.703911304473876953e+00
2.769399404525756836e+00 2.361303091049194336e+00
2.988002300262451172e+00 2.167525053024291992e+00
2.213539838790893555e+00 2.455342292785644531e+00
2.626921415328979492e+00 2.071447372436523438e+00
3.720067739486694336e+00 2.583354949951171875e+00
2.788304567337036133e+00 2.911582946777343750e+00
1.962999582290649414e+00 1.895852327346801758e+00
2.299941062927246094e+00 2.192446708679199219e+00
2.861258029937744141e+00 3.030178546905517578e+00
2.142119884490966797e+00 2.025242805480957031e+00
3.321662187576293945e+00 2.512827157974243164e+00
1.840057849884033203e+00 1.930830836296081543e+00
2.773642539978027344e+00 3.435767650604248047e+00
2.151124238967895508e+00 2.618226051330566406e+00
2.180069923400878906e+00 2.523747920989990234e+00
3.101261138916015625e+00 3.009898185729980469e+00
5.182154655456542969e+00 3.611657857894897461e+00
3.444854021072387695e+00 2.675573110580444336e+00
2.760870695114135742e+00 2.310008049011230469e+00
2.154367208480834961e+00 3.077177524566650391e+00
3.061788082122802734e+00 2.865828037261962891e+00
3.024713516235351562e+00 2.377482414245605469e+00
2.037746906280517578e+00 2.509019613265991211e+00
1.754193544387817383e+00 2.126220703125000000e+00
2.432460308074951172e+00 2.647789955139160156e+00
2.426572084426879883e+00 2.240683317184448242e+00
2.357628345489501953e+00 2.829509258270263672e+00
2.272866725921630859e+00 2.395855903625488281e+00
2.238728284835815430e+00 2.392597675323486328e+00
1.751276016235351562e+00 6.762719631195068359e+00
2.210169792175292969e+00 7.252706050872802734e+00
2.778249263763427734e+00 2.482535839080810547e+00
2.387643098831176758e+00 2.369145870208740234e+00
2.031163454055786133e+00 2.107630014419555664e+00
1.788293361663818359e+00 2.190915822982788086e+00
1.670012235641479492e+00 2.497295856475830078e+00
2.797743320465087891e+00 1.422241806983947754e+00
2.744364023208618164e+00 2.444980621337890625e+00
2.297628641128540039e+00 1.724537372589111328e+00
7.689533829689025879e-01 2.460202455520629883e+00
2.193390130996704102e+00 1.789404392242431641e+00
2.473748207092285156e+00 2.631311893463134766e+00
3.340235471725463867e+00 3.027906656265258789e+00
5.622503757476806641e+00 1.705379009246826172e+00
2.343677997589111328e+00 1.972174406051635742e+00
1.645504713058471680e+00 2.012952566146850586e+00
3.642417430877685547e+00 2.815333843231201172e+00
4.871427059173583984e+00 3.893687248229980469e+00
2.254518747329711914e+00 2.450287818908691406e+00
3.230535745620727539e+00 8.908107280731201172e-01
2.817930221557617188e+00 2.881753921508789062e+00
2.609257221221923828e+00 2.119224309921264648e+00
2.215240478515625000e+00 1.960638284683227539e+00
3.065600633621215820e+00 2.021091461181640625e+00
2.855061292648315430e+00 1.923498630523681641e+00
2.424332618713378906e+00 2.465976953506469727e+00
2.433017492294311523e+00 2.212054729461669922e+00
2.151731252670288086e+00 2.276495695114135742e+00
1.491775512695312500e+00 1.768254995346069336e+00
2.002285242080688477e+00 2.326529264450073242e+00
1.915862083435058594e+00 1.013264298439025879e+00
1.328642845153808594e+00 1.811388492584228516e+00
2.471321821212768555e+00 2.367184162139892578e+00
2.140832185745239258e+00 2.730741024017333984e+00
1.745444774627685547e+00 1.911072254180908203e+00
2.035778045654296875e+00 1.629775881767272949e+00
2.253743410110473633e+00 2.069059848785400391e+00
1.812580108642578125e+00 1.983398675918579102e+00
1.765200376510620117e+00 2.095900058746337891e+00
1.897235631942749023e+00 2.579615116119384766e+00
1.215118885040283203e+00 1.910563230514526367e+00
2.082996845245361328e+00 2.044313669204711914e+00
2.036831617355346680e+00 2.807788848876953125e+00
2.241354703903198242e+00 2.356546878814697266e+00
1.711870908737182617e+00 2.124063968658447266e+00
1.933650493621826172e+00 2.324039459228515625e+00
1.828907012939453125e+00 2.736040592193603516e+00
1.605026960372924805e+00 1.967633843421936035e+00
1.943868637084960938e+00 2.177201271057128906e+00
1.491775512695312500e+00 1.768254995346069336e+00
1.698026418685913086e+00 2.031466007232666016e+00
1.713433504104614258e+00 2.401014804840087891e+00
1.700375080108642578e+00 1.739296078681945801e+00
1.676856517791748047e+00 2.060437440872192383e+00
2.372437477111816406e+00 2.359341859817504883e+00
2.140832185745239258e+00 2.730741024017333984e+00
1.822819709777832031e+00 1.744714617729187012e+00
8.991134762763977051e-01 1.722617506980895996e+00
2.653712034225463867e+00 1.038725137710571289e+00
1.424527645111083984e+00 2.781180381774902344e+00
1.650472402572631836e+00 1.500868558883666992e+00
1.552995681762695312e+00 2.114660978317260742e+00
1.363053083419799805e+00 1.846587896347045898e+00
1.400712251663208008e+00 1.641177415847778320e+00
1.798238039016723633e+00 1.280032038688659668e+00
9.890242815017700195e-01 1.758878588676452637e+00
0.000000000000000000e+00 3.658906936645507812e+00
2.649446725845336914e+00 1.505205154418945312e+00
3.829643011093139648e+00 1.676257133483886719e+00
2.183274507522583008e+00 1.822375059127807617e+00
2.082014560699462891e+00 1.850336551666259766e+00
2.116452217102050781e+00 2.062843322753906250e+00
1.595634698867797852e+00 1.710853576660156250e+00
1.808020353317260742e+00 1.831585168838500977e+00
1.507637262344360352e+00 1.328454136848449707e+00
1.556435585021972656e+00 1.440646886825561523e+00
3.141876935958862305e+00 2.617951393127441406e+00
2.765735864639282227e+00 2.156862020492553711e+00
3.288055181503295898e+00 2.176533937454223633e+00
3.142178535461425781e+00 2.183074951171875000e+00
2.203658580780029297e+00 2.493823528289794922e+00
2.142511367797851562e+00 2.102132797241210938e+00
1.151795744895935059e+00 5.994611978530883789e-01
8.106088042259216309e-01 2.583983182907104492e+00
1.616570472717285156e+00 2.230775356292724609e+00
7.674472928047180176e-01 8.372719287872314453e-01
1.689124107360839844e+00 1.556818246841430664e+00
2.250882625579833984e+00 1.509900331497192383e+00
1.616266250610351562e+00 1.603631734848022461e+00
1.941921472549438477e+00 2.551425695419311523e+00
2.602674722671508789e+00 2.187759876251220703e+00
1.907295942306518555e+00 1.428739070892333984e+00
2.302987813949584961e+00 2.212017774581909180e+00
2.276641845703125000e+00 1.958528280258178711e+00
1.864775180816650391e+00 1.875822544097900391e+00
2.161679744720458984e+00 1.209631681442260742e+00
1.608802080154418945e+00 1.480090618133544922e+00
1.992277622222900391e+00 1.893458127975463867e+00
1.874402999877929688e+00 2.024108171463012695e+00
2.161679744720458984e+00 1.209631681442260742e+00
7.411102652549743652e-01 2.215965032577514648e+00
4.161442756652832031e+00 9.229975938796997070e-01
1.701844930648803711e+00 2.937128245830535889e-01
2.722792387008666992e+00 1.485424280166625977e+00
2.203417062759399414e+00 1.637871026992797852e+00
2.992188692092895508e+00 2.188709974288940430e+00
1.886285066604614258e+00 1.834056973457336426e+00
2.337672948837280273e+00 1.234442949295043945e+00
2.948824405670166016e+00 2.187774658203125000e+00
2.503746747970581055e+00 2.107236623764038086e+00
2.344061613082885742e+00 1.435432076454162598e+00
2.230766057968139648e+00 1.597953438758850098e+00
4.027446746826171875e+00 5.612639188766479492e-01
2.070533037185668945e+00 1.263247489929199219e+00
1.872321367263793945e+00 1.016701221466064453e+00
8.854623436927795410e-01 2.261194229125976562e+00
2.061632871627807617e+00 2.397106170654296875e+00
3.078636407852172852e+00 2.806085109710693359e+00
3.414698123931884766e+00 2.885015010833740234e+00
2.325278759002685547e+00 2.609509468078613281e+00
3.449014186859130859e+00 3.511137008666992188e+00
1.923302650451660156e+00 1.691641092300415039e+00
2.759689569473266602e+00 2.992196559906005859e+00
1.899277210235595703e+00 1.836225390434265137e+00
2.177565813064575195e+00 2.174163341522216797e+00
8.369480967521667480e-01 2.699923276901245117e+00
2.846316814422607422e+00 2.195646047592163086e+00
2.396947860717773438e+00 1.565469741821289062e+00
2.261720895767211914e+00 1.846118688583374023e+00
2.187746286392211914e+00 1.653694272041320801e+00
2.059410810470581055e+00 1.922420978546142578e+00
1.321390867233276367e+00 1.544708371162414551e+00
1.793370246887207031e+00 2.200993776321411133e+00
2.863381385803222656e+00 3.798525571823120117e+00
2.813894271850585938e+00 3.208201408386230469e+00
2.621735811233520508e+00 2.276237964630126953e+00
2.257587671279907227e+00 2.542853355407714844e+00
2.208031177520751953e+00 2.172718048095703125e+00
1.850345134735107422e+00 2.435221672058105469e+00
2.228589057922363281e+00 1.956603050231933594e+00
2.391972541809082031e+00 2.416541814804077148e+00
2.172377347946166992e+00 2.283460140228271484e+00
1.729482889175415039e+00 8.337458372116088867e-01
1.459320545196533203e+00 1.931010961532592773e+00
2.388823270797729492e+00 1.989684104919433594e+00
1.385450839996337891e+00 2.134479522705078125e+00
1.254837989807128906e+00 1.426781177520751953e+00
2.307940721511840820e+00 1.833335876464843750e+00
2.001138925552368164e+00 2.578233957290649414e+00
2.567529439926147461e+00 2.235575199127197266e+00
2.898518562316894531e+00 2.308856725692749023e+00
2.598124504089355469e+00 1.767101764678955078e+00
2.327727317810058594e+00 3.513138294219970703e+00
2.300529479980468750e+00 2.801309823989868164e+00
2.377576589584350586e+00 2.240920305252075195e+00
2.701068401336669922e+00 2.637042522430419922e+00
2.587494373321533203e+00 2.790764331817626953e+00
8.820918798446655273e-01 1.377410411834716797e+00
9.345336556434631348e-01 7.906025648117065430e-01
2.209150791168212891e+00 2.142807483673095703e+00
3.237980365753173828e+00 3.553147792816162109e+00
3.333769798278808594e+00 3.851318836212158203e+00
2.727524995803833008e+00 2.560712575912475586e+00
2.009776830673217773e+00 1.912693500518798828e+00
2.290303945541381836e+00 2.300214767456054688e+00
2.719925165176391602e+00 2.408691883087158203e+00
2.451962947845458984e+00 2.267365932464599609e+00
1.756875276565551758e+00 2.029525279998779297e+00
2.368910312652587891e+00 2.614938259124755859e+00
1.974788427352905273e+00 1.881948947906494141e+00
2.430815219879150391e+00 2.123199701309204102e+00
1.872836112976074219e+00 2.514076232910156250e+00
2.267482757568359375e+00 3.726913452148437500e+00
1.892653703689575195e+00 4.103870868682861328e+00
2.231375694274902344e+00 4.085912227630615234e+00
2.377650022506713867e+00 4.258217811584472656e+00
2.536362409591674805e+00 2.485279798507690430e+00
2.560074806213378906e+00 2.560593128204345703e+00
2.857211112976074219e+00 2.695407629013061523e+00
9.118661880493164062e-01 4.833065509796142578e+00
1.876770019531250000e+00 2.704582691192626953e+00
2.497160434722900391e+00 1.669137239456176758e+00
2.343971014022827148e+00 1.914344668388366699e+00
2.683929204940795898e+00 2.983017683029174805e+00
1.958997726440429688e+00 2.966364860534667969e+00
2.282552242279052734e+00 3.355842590332031250e+00
2.691206693649291992e+00 2.036636352539062500e+00
1.087109088897705078e+00 3.143246650695800781e+00
7.431640028953552246e-01 4.393073558807373047e+00
2.350188255310058594e+00 2.604011058807373047e+00
1.733283758163452148e+00 1.768725156784057617e+00
1.969625473022460938e+00 2.389780044555664062e+00
2.753892898559570312e+00 1.926780939102172852e+00
2.474586963653564453e+00 2.234087944030761719e+00
1.783340692520141602e+00 1.824250340461730957e+00
2.413331031799316406e+00 2.282123327255249023e+00
3.189212322235107422e+00 2.315278768539428711e+00
1.794019460678100586e+00 1.666982293128967285e+00
2.191565275192260742e+00 2.191754341125488281e+00
2.301427602767944336e+00 1.736288428306579590e+00
4.596471309661865234e+00 1.295897364616394043e+00
4.479681015014648438e+00 9.942094087600708008e-01
3.845945119857788086e+00 8.799530267715454102e-01
2.857480287551879883e+00 2.283699989318847656e+00
1.941153049468994141e+00 1.750854969024658203e+00
2.653145313262939453e+00 2.342859745025634766e+00
2.129321575164794922e+00 2.329398155212402344e+00
2.040579319000244141e+00 2.485111236572265625e+00
2.795860052108764648e+00 2.645234346389770508e+00
2.391217470169067383e+00 2.186187267303466797e+00
2.065490961074829102e+00 1.742012143135070801e+00
1.405462980270385742e+00 3.008752346038818359e+00
2.528948068618774414e+00 1.668199539184570312e+00
2.034766197204589844e+00 2.134767293930053711e+00
9.200320839881896973e-01 1.061934232711791992e+00
8.284637331962585449e-02 7.534086704254150391e-02
1.714857816696166992e+00 2.249101161956787109e+00
2.196516275405883789e+00 2.816730499267578125e+00
2.477852106094360352e+00 1.505643844604492188e+00
2.988976240158081055e+00 2.421606540679931641e+00
2.398825407028198242e+00 1.637498378753662109e+00
6.067102551460266113e-01 2.853300809860229492e+00
1.908280611038208008e+00 2.410794734954833984e+00
2.201337814331054688e+00 1.729715824127197266e+00
2.133123159408569336e+00 3.157110214233398438e+00
1.487563610076904297e+00 2.298350811004638672e+00
2.362639188766479492e+00 9.777319431304931641e-01
2.200892448425292969e+00 2.474774122238159180e+00
2.155931949615478516e+00 2.552182674407958984e+00
2.722453117370605469e+00 2.410480976104736328e+00
2.296354293823242188e+00 3.310942888259887695e+00
3.155657529830932617e+00 1.817655801773071289e+00
1.974823236465454102e+00 2.986515045166015625e+00
1.917956590652465820e+00 2.111499309539794922e+00
2.209820151329040527e-01 2.940595626831054688e+00
2.676901102066040039e+00 2.176455736160278320e+00
2.708886623382568359e+00 2.305915832519531250e+00
2.018777847290039062e+00 2.029107332229614258e+00
2.459668397903442383e+00 2.121233940124511719e+00
5.054316520690917969e-01 4.392329692840576172e+00
1.978434801101684570e+00 2.794974803924560547e+00
5.738749027252197266e+00 2.878415346145629883e+00
2.551588296890258789e+00 1.791614890098571777e+00
1.472826004028320312e+00 1.618706464767456055e+00
1.959567070007324219e+00 2.167298316955566406e+00
1.156251668930053711e+00 2.139789819717407227e+00
1.061078310012817383e+00 2.634995460510253906e+00
1.577816963195800781e+00 1.417174339294433594e+00
4.381267547607421875e+00 2.964630603790283203e+00
3.050013780593872070e+00 2.833333492279052734e+00
2.524088621139526367e+00 2.739554643630981445e+00
1.576406717300415039e+00 1.442592144012451172e+00
1.931003093719482422e+00 2.326553821563720703e+00
1.316735506057739258e+00 1.256687164306640625e+00
1.753002643585205078e+00 3.023668527603149414e+00
1.463248491287231445e+00 1.906968593597412109e+00
1.674122571945190430e+00 2.158686637878417969e+00
1.817696809768676758e+00 1.983724117279052734e+00
1.523158550262451172e+00 3.164011478424072266e+00
2.664600610733032227e+00 3.062784194946289062e+00
2.484759807586669922e+00 2.869547128677368164e+00
2.054080486297607422e+00 2.100212574005126953e+00
1.941197872161865234e+00 2.152913331985473633e+00
6.993381381034851074e-01 1.645492315292358398e+00
1.861711740493774414e+00 1.960648536682128906e+00
2.106427669525146484e+00 2.457247972488403320e+00
2.597418546676635742e+00 1.606007814407348633e+00
2.088070631027221680e+00 1.460568189620971680e+00
1.983603954315185547e+00 1.946746110916137695e+00
2.560935020446777344e+00 1.575514435768127441e+00
1.249268293380737305e+00 1.825165152549743652e+00
1.495853424072265625e+00 2.054107189178466797e+00
1.849399566650390625e+00 2.309399604797363281e+00
2.052158594131469727e+00 2.038356304168701172e+00
1.619885206222534180e+00 1.929250359535217285e+00
1.823845863342285156e+00 1.694761633872985840e+00
1.094568252563476562e+00 2.244590997695922852e+00
2.307336091995239258e+00 2.069809675216674805e+00
2.108378410339355469e+00 2.462949037551879883e+00
2.590410709381103516e+00 2.568205356597900391e+00
2.431408405303955078e+00 1.986653685569763184e+00
3.468982219696044922e+00 1.935925245285034180e+00
1.980486869812011719e+00 1.701410531997680664e+00
2.521795034408569336e+00 2.190320968627929688e+00
1.772034406661987305e+00 2.287676811218261719e+00
2.948145866394042969e+00 1.568150997161865234e+00
6.861974000930786133e-01 3.024070739746093750e+00
1.897985696792602539e+00 2.290626049041748047e+00
1.904185771942138672e+00 2.266913175582885742e+00
1.881037950515747070e+00 2.090744972229003906e+00
2.830884695053100586e+00 1.378306627273559570e+00
2.123584032058715820e+00 1.027252912521362305e+00
1.959213495254516602e+00 3.316506862640380859e+00
2.257344484329223633e+00 2.233434200286865234e+00
2.235423803329467773e+00 2.787582635879516602e+00
2.258291006088256836e+00 3.163905143737792969e+00
7.561200857162475586e-01 1.990878105163574219e+00
1.961168289184570312e+00 2.183946132659912109e+00
2.226006507873535156e+00 2.992928743362426758e+00
2.285986185073852539e+00 2.119843006134033203e+00
1.887420177459716797e+00 1.725538730621337891e+00
2.260923385620117188e+00 2.385016679763793945e+00
2.431818485260009766e+00 1.652223348617553711e+00
1.075870990753173828e+00 4.339158535003662109e+00
2.269151926040649414e+00 2.548799514770507812e+00
2.624171018600463867e+00 4.227123260498046875e+00
1.590149164199829102e+00 2.056691408157348633e+00
2.478224039077758789e+00 2.802456855773925781e+00
2.529201984405517578e+00 1.925564169883728027e+00
1.674724340438842773e+00 2.214888095855712891e+00
2.229637861251831055e+00 1.675957441329956055e+00
1.942392349243164062e+00 2.337670326232910156e+00
2.134454488754272461e+00 1.713655829429626465e+00
9.121636152267456055e-01 1.602467298507690430e+00
1.687669754028320312e+00 1.953604578971862793e+00
9.196104407310485840e-01 1.031984329223632812e+00
1.814614534378051758e+00 2.360831737518310547e+00
2.059674978256225586e+00 2.082809925079345703e+00
2.581295251846313477e+00 2.779443502426147461e+00
2.581295251846313477e+00 2.779443502426147461e+00
2.691520214080810547e+00 2.145574092864990234e+00
2.489279031753540039e+00 2.428836345672607422e+00
2.407878637313842773e+00 2.512386322021484375e+00
2.312315225601196289e+00 2.645539283752441406e+00
1.899149179458618164e+00 1.701605916023254395e+00
1.990126848220825195e+00 1.963718652725219727e+00
2.264041900634765625e+00 2.054723024368286133e+00
2.790700674057006836e+00 1.378450870513916016e+00
2.716348648071289062e+00 2.338603973388671875e+00
2.874685525894165039e+00 2.396784305572509766e+00
2.385575771331787109e+00 3.158867835998535156e+00
2.630175590515136719e+00 1.770812034606933594e+00
2.802877902984619141e+00 2.029269456863403320e+00
2.208241939544677734e+00 2.166714668273925781e+00
1.427502155303955078e+00 2.706525325775146484e+00
2.466864585876464844e+00 1.643386840820312500e+00
1.642368793487548828e+00 1.484483957290649414e+00
2.218611955642700195e+00 2.329375267028808594e+00
3.843835115432739258e+00 2.729710817337036133e+00
3.807228565216064453e+00 2.669146060943603516e+00
1.986387491226196289e+00 2.240607500076293945e+00
1.915734767913818359e+00 2.670732498168945312e+00
2.474664926528930664e+00 2.019081354141235352e+00
1.761526584625244141e+00 2.673279285430908203e+00
1.667556285858154297e+00 2.171265125274658203e+00
1.977213382720947266e+00 2.048726320266723633e+00
2.256307363510131836e+00 1.835675358772277832e+00
