6.395069122314453125e+00 8.540253639221191406e+00
2.921908140182495117e+00 8.651473045349121094e+00
3.654050111770629883e+00 4.091631412506103516e+00
4.109841346740722656e+00 4.768967151641845703e+00
4.028383731842041016e+00 4.703866004943847656e+00
4.296245574951171875e+00 4.756298065185546875e+00
3.639829874038696289e+00 3.027150154113769531e+00
4.673441886901855469e+00 3.487468957901000977e+00
3.649593114852905273e+00 3.764780759811401367e+00
4.615969657897949219e+00 5.298181056976318359e+00
4.833338737487792969e+00 4.173839569091796875e+00
3.730352878570556641e+00 4.272969722747802734e+00
4.862627029418945312e+00 3.957916498184204102e+00
3.248088359832763672e+00 8.160830497741699219e+00
4.190383434295654297e+00 4.815389156341552734e+00
4.170474052429199219e+00 4.393866062164306641e+00
4.613258361816406250e+00 4.102624893188476562e+00
3.993012666702270508e+00 4.339808464050292969e+00
1.628504753112792969e+00 7.611270427703857422e+00
3.670236110687255859e+00 3.859234333038330078e+00
3.716097116470336914e+00 4.116125583648681641e+00
2.284716367721557617e+00 4.691122531890869141e+00
3.763473749160766602e+00 4.293748378753662109e+00
4.053573131561279297e+00 3.804496288299560547e+00
4.129534244537353516e+00 4.768861770629882812e+00
4.087829589843750000e+00 4.298508167266845703e+00
3.847350835800170898e+00 4.227528095245361328e+00
3.716097116470336914e+00 4.116125583648681641e+00
4.152457237243652344e+00 4.710930347442626953e+00
4.074555397033691406e+00 4.637101650238037109e+00
6.130603790283203125e+00 6.739150524139404297e+00
3.691109418869018555e+00 4.358878612518310547e+00
3.597374677658081055e+00 4.538117885589599609e+00
3.675794124603271484e+00 4.862747192382812500e+00
3.656164407730102539e+00 4.731392860412597656e+00
3.234355688095092773e+00 4.484911441802978516e+00
2.915311098098754883e+00 3.681000471115112305e+00
3.764903068542480469e+00 2.241126060485839844e+00
4.686554908752441406e+00 3.047683238983154297e+00
3.472004890441894531e+00 5.134775638580322266e-01
3.812374830245971680e+00 1.837230443954467773e+00
4.482460975646972656e+00 1.864118933677673340e+00
4.293758869171142578e+00 2.042376995086669922e+00
3.779551029205322266e+00 2.403661251068115234e+00
3.027843713760375977e+00 7.590682506561279297e-01
3.657204866409301758e+00 2.126909255981445312e+00
3.900942087173461914e+00 1.475183010101318359e+00
4.473456859588623047e+00 1.996149778366088867e+00
4.061494350433349609e+00 1.414371609687805176e+00
4.040008544921875000e+00 2.261145114898681641e+00
4.217646121978759766e+00 1.534205675125122070e+00
2.975930929183959961e+00 2.211940288543701172e+00
2.226637125015258789e+00 2.294972419738769531e+00
0.000000000000000000e+00 0.000000000000000000e+00
7.612839341163635254e-01 3.306648433208465576e-01
6.652242541313171387e-01 1.895076930522918701e-01
5.665044784545898438e-01 4.264379739761352539e-01
1.103683114051818848e+00 7.044627666473388672e-01
7.813483476638793945e-03 2.308554351329803467e-01
2.340112775564193726e-01 0.000000000000000000e+00
4.910591244697570801e-01 2.792766690254211426e-01
0.000000000000000000e+00 0.000000000000000000e+00
1.173614561557769775e-01 0.000000000000000000e+00
3.086176514625549316e-02 0.000000000000000000e+00
0.000000000000000000e+00 2.265392303466796875e+00
4.701968133449554443e-01 1.409749239683151245e-01
1.002689525485038757e-01 0.000000000000000000e+00
3.543693542480468750e+00 3.026575088500976562e+00
1.798267126083374023e+00 1.181038737297058105e+00
2.048862218856811523e+00 1.565008640289306641e+00
2.609351634979248047e+00 2.382656812667846680e+00
2.010706424713134766e+00 1.415136814117431641e+00
2.917448520660400391e+00 3.292096614837646484e+00
2.145094871520996094e+00 2.038426637649536133e+00
2.507647275924682617e+00 3.995575666427612305e+00
1.818067073822021484e+00 1.887028932571411133e+00
3.700147271156311035e-01 2.473494291305541992e+00
2.187983751296997070e+00 2.769491195678710938e+00
1.604720592498779297e+00 2.688326120376586914e+00
7.374243736267089844e-01 2.460691452026367188e+00
1.101935625076293945e+00 2.770211219787597656e+00
9.897753596305847168e-01 2.367702007293701172e+00
1.004384756088256836e+00 3.271034717559814453e+00
8.534722924232482910e-01 2.341676235198974609e+00
1.328112363815307617e+00 2.908152103424072266e+00
9.006832242012023926e-01 2.136153459548950195e+00
5.649793148040771484e-01 2.247995853424072266e+00
8.440446853637695312e-01 2.190566062927246094e+00
1.201337099075317383e+00 2.827050685882568359e+00
3.200938463211059570e+00 1.220731258392333984e+00
2.648536443710327148e+00 2.430331230163574219e+00
1.844048976898193359e+00 2.775768280029296875e+00
3.005988121032714844e+00 3.618408679962158203e+00
2.197757244110107422e+00 2.642374515533447266e+00
2.297216653823852539e+00 2.500611305236816406e+00
2.882378339767456055e+00 2.887423276901245117e+00
2.052412033081054688e+00 2.085919380187988281e+00
1.740755081176757812e+00 2.060429573059082031e+00
3.243371486663818359e+00 5.412136554718017578e+00
2.436733961105346680e+00 2.865714311599731445e+00
1.545678853988647461e+00 1.218538045883178711e+00
3.042083740234375000e+00 2.124503612518310547e+00
2.949974060058593750e+00 1.942139625549316406e+00
2.033190011978149414e+00 3.255145549774169922e+00
1.863691568374633789e+00 2.231914997100830078e+00
2.510502099990844727e+00 2.683854579925537109e+00
2.144134759902954102e+00 2.292386054992675781e+00
2.616751194000244141e+00 3.184771060943603516e+00
2.019204378128051758e+00 2.412544727325439453e+00
2.381298065185546875e+00 1.682251214981079102e+00
3.296890974044799805e+00 3.196835756301879883e+00
2.250722169876098633e+00 2.941011905670166016e+00
1.212619543075561523e+00 0.000000000000000000e+00
2.526517152786254883e+00 2.252748489379882812e+00
3.223048925399780273e+00 2.314964532852172852e+00
3.792196512222290039e+00 3.558255195617675781e+00
2.458337068557739258e+00 3.988178253173828125e+00
2.397970199584960938e+00 2.954396724700927734e+00
6.724562644958496094e+00 4.963789939880371094e+00
1.846521854400634766e+00 2.562713623046875000e+00
2.446040630340576172e+00 2.343076229095458984e+00
2.706001996994018555e+00 2.930321216583251953e+00
1.318796157836914062e+00 2.951337337493896484e+00
2.484590768814086914e+00 3.069400787353515625e+00
2.170082569122314453e+00 1.270202040672302246e+00
2.971547603607177734e+00 2.036756038665771484e+00
2.143230438232421875e+00 2.531104564666748047e+00
1.754696130752563477e+00 2.593686103820800781e+00
2.128307104110717773e+00 2.120176792144775391e+00
2.788304567337036133e+00 2.911582946777343750e+00
4.501695632934570312e+00 2.283299446105957031e+00
2.299941062927246094e+00 2.192446708679199219e+00
2.573714494705200195e+00 2.598112583160400391e+00
1.347035646438598633e+00 2.699581146240234375e+00
3.321662187576293945e+00 2.512827157974243164e+00
2.238108634948730469e+00 2.767767429351806641e+00
1.980349779129028320e+00 1.586290121078491211e+00
2.816677331924438477e+00 2.997825145721435547e+00
2.345740079879760742e+00 2.802212238311767578e+00
2.069288492202758789e+00 1.810969591140747070e+00
1.439769506454467773e+00 4.544208049774169922e+00
3.275043725967407227e+00 2.285168409347534180e+00
2.025741338729858398e+00 2.108127593994140625e+00
2.338679313659667969e+00 2.534502029418945312e+00
2.568197965621948242e+00 3.170604228973388672e+00
2.336581945419311523e+00 2.595398187637329102e+00
2.118967533111572266e+00 2.743415355682373047e+00
2.334443569183349609e+00 2.287372589111328125e+00
2.583522081375122070e+00 2.103558063507080078e+00
2.180069923400878906e+00 2.523747920989990234e+00
2.408306121826171875e+00 2.368009805679321289e+00
2.272866725921630859e+00 2.395855903625488281e+00
2.238728284835815430e+00 2.392597675323486328e+00
3.000225305557250977e+00 2.321672916412353516e+00
2.184467077255249023e+00 7.177814006805419922e+00
1.691366910934448242e+00 6.645742416381835938e+00
3.265378713607788086e+00 2.634722709655761719e+00
2.730900764465332031e+00 2.827141761779785156e+00
2.816743850708007812e+00 2.321408510208129883e+00
1.337799310684204102e+00 2.320461273193359375e+00
2.796587705612182617e+00 2.207624197006225586e+00
2.547230958938598633e+00 2.524234056472778320e+00
2.379887342453002930e+00 3.191868305206298828e+00
2.473507404327392578e+00 1.950335025787353516e+00
2.057214975357055664e+00 2.260015487670898438e+00
9.705950617790222168e-01 2.919117450714111328e+00
5.416632652282714844e+00 5.101724147796630859e+00
4.066890716552734375e+00 4.685772895812988281e+00
3.359810829162597656e+00 3.602147579193115234e+00
2.353528738021850586e+00 2.744631052017211914e+00
1.607186794281005859e+00 1.359153985977172852e+00
3.280437946319580078e+00 2.031708240509033203e+00
1.742856740951538086e+00 2.249842405319213867e+00
1.579203367233276367e+00 2.545839309692382812e+00
1.853446483612060547e+00 2.313418388366699219e+00
1.716732025146484375e+00 1.523146390914916992e+00
2.936188697814941406e+00 2.724603891372680664e+00
2.796249866485595703e+00 2.006671905517578125e+00
2.329642534255981445e+00 2.871146202087402344e+00
3.844941139221191406e+00 2.188577175140380859e+00
2.158329010009765625e+00 2.053184270858764648e+00
1.888542652130126953e+00 1.675167798995971680e+00
1.910249710083007812e+00 2.273931503295898438e+00
3.896362543106079102e+00 3.606619834899902344e+00
2.532452344894409180e+00 2.366095542907714844e+00
2.448967218399047852e+00 2.036620616912841797e+00
3.294228315353393555e+00 1.969592213630676270e+00
2.708950519561767578e+00 2.206902027130126953e+00
2.572049379348754883e+00 2.323741436004638672e+00
2.238643407821655273e+00 2.358180999755859375e+00
2.731041669845581055e+00 3.544280052185058594e+00
1.807361841201782227e+00 1.749542236328125000e+00
2.546927452087402344e+00 1.960391521453857422e+00
1.753544807434082031e+00 1.751803040504455566e+00
2.089476108551025391e+00 1.853079795837402344e+00
3.338555335998535156e+00 2.628489494323730469e+00
2.316461801528930664e+00 1.928903818130493164e+00
1.906994819641113281e+00 2.214278221130371094e+00
2.540441751480102539e+00 2.276194810867309570e+00
2.334397315979003906e+00 1.756820440292358398e+00
2.711877584457397461e+00 2.873334884643554688e+00
2.039366483688354492e+00 1.837568640708923340e+00
2.703380823135375977e+00 1.802942991256713867e+00
2.231313943862915039e+00 2.130277633666992188e+00
1.888542652130126953e+00 1.675167798995971680e+00
1.995247364044189453e+00 1.351271867752075195e+00
1.279326915740966797e+00 1.595417261123657227e+00
2.811327934265136719e+00 1.829150319099426270e+00
1.956548213958740234e+00 1.694735527038574219e+00
2.151512861251831055e+00 2.513318061828613281e+00
1.549341917037963867e+00 2.490087985992431641e+00
2.708950519561767578e+00 2.206902027130126953e+00
2.245179176330566406e+00 1.932017326354980469e+00
2.571399450302124023e+00 4.084748744964599609e+00
2.261241197586059570e+00 3.130922794342041016e+00
2.441875457763671875e+00 3.481867313385009766e+00
2.420196771621704102e+00 2.470569133758544922e+00
1.929852008819580078e+00 2.866520166397094727e+00
2.429388284683227539e+00 2.445567131042480469e+00
3.190781354904174805e+00 2.309741735458374023e+00
2.298954010009765625e+00 2.055023670196533203e+00
3.035469293594360352e+00 2.093022346496582031e+00
1.670531034469604492e+00 2.459152460098266602e+00
2.714788198471069336e+00 2.753275394439697266e+00
2.798301219940185547e+00 2.784037113189697266e+00
2.174357175827026367e+00 2.501158237457275391e+00
2.407206296920776367e+00 2.723641395568847656e+00
2.516659259796142578e+00 2.685356140136718750e+00
2.539267778396606445e+00 3.247676134109497070e+00
3.196437597274780273e+00 2.487190485000610352e+00
3.923793077468872070e+00 2.449157238006591797e+00
2.827588558197021484e+00 2.238951921463012695e+00
3.397246837615966797e+00 1.789083719253540039e+00
3.622883319854736328e+00 3.038186073303222656e+00
3.655118227005004883e+00 3.088241338729858398e+00
1.507291078567504883e+00 9.536970853805541992e-01
2.107201099395751953e+00 1.563610553741455078e+00
2.024299144744873047e+00 2.048861980438232422e+00
2.004259109497070312e+00 2.975523233413696289e+00
4.170345783233642578e+00 9.734443426132202148e-01
1.892989397048950195e+00 1.468221783638000488e+00
2.945036411285400391e+00 8.336579799652099609e-01
2.391614913940429688e+00 2.483045578002929688e+00
3.277833700180053711e+00 1.375065565109252930e+00
1.712385416030883789e+00 1.769911050796508789e+00
2.360605955123901367e+00 1.781143188476562500e+00
1.996248722076416016e+00 3.325694561004638672e+00
2.135997056961059570e+00 2.337913036346435547e+00
2.501611709594726562e+00 2.222856521606445312e+00
2.276641845703125000e+00 1.958528280258178711e+00
1.397940874099731445e+00 1.965748548507690430e+00
2.152363538742065430e+00 1.879180908203125000e+00
2.465755939483642578e+00 2.379827976226806641e+00
2.360755920410156250e+00 2.221310615539550781e+00
2.276433706283569336e+00 1.970186233520507812e+00
2.168017148971557617e+00 1.953356742858886719e+00
1.992277622222900391e+00 1.893458127975463867e+00
1.832274913787841797e+00 2.048256397247314453e+00
2.276433467864990234e+00 1.970186233520507812e+00
2.067665815353393555e+00 1.975731253623962402e+00
1.772678613662719727e+00 2.412694454193115234e+00
2.665869235992431641e+00 3.068406105041503906e+00
1.639788150787353516e+00 2.305181503295898438e+00
2.544940233230590820e+00 2.103826522827148438e+00
3.276846408843994141e+00 2.367907047271728516e+00
2.640722036361694336e+00 1.227644205093383789e+00
2.752031803131103516e+00 2.958887577056884766e+00
2.506141662597656250e+00 2.179744482040405273e+00
2.303848743438720703e+00 2.684881687164306641e+00
2.788465261459350586e+00 2.682186603546142578e+00
2.023405551910400391e+00 2.300317287445068359e+00
1.979100704193115234e+00 1.561227202415466309e+00
2.333831071853637695e+00 1.968335866928100586e+00
2.480146884918212891e+00 2.651078701019287109e+00
2.644968271255493164e+00 1.899769306182861328e+00
2.208022594451904297e+00 2.097936630249023438e+00
2.841154813766479492e+00 1.784398674964904785e+00
7.585179805755615234e-01 1.620372295379638672e+00
2.458732128143310547e+00 1.422376632690429688e+00
1.897418975830078125e+00 2.081878423690795898e+00
2.497881650924682617e+00 3.086946964263916016e+00
2.379566669464111328e+00 2.231656312942504883e+00
1.446447849273681641e+00 2.454335451126098633e+00
2.796584844589233398e+00 2.515176773071289062e+00
1.906627416610717773e+00 2.127127170562744141e+00
1.672629833221435547e+00 1.913408398628234863e+00
1.713344573974609375e+00 1.746057987213134766e+00
2.110541582107543945e+00 2.259101152420043945e+00
3.065396547317504883e+00 2.783600807189941406e+00
1.785709619522094727e+00 2.724213600158691406e+00
2.464965581893920898e+00 2.900868415832519531e+00
5.286416411399841309e-01 8.634307384490966797e-01
2.575148582458496094e+00 2.117608785629272461e+00
2.270160198211669922e+00 2.248514413833618164e+00
2.536080121994018555e+00 2.046189785003662109e+00
2.700993776321411133e+00 2.500445842742919922e+00
2.210676193237304688e+00 3.279890537261962891e+00
1.585637569427490234e+00 2.146739006042480469e+00
2.012068271636962891e+00 1.300426363945007324e+00
1.776956319808959961e+00 1.277404546737670898e+00
1.903416633605957031e+00 2.605878829956054688e+00
1.570768594741821289e+00 1.411228418350219727e+00
2.052951574325561523e+00 2.481687068939208984e+00
2.017258644104003906e+00 2.497773408889770508e+00
1.798755645751953125e+00 2.345204830169677734e+00
2.062990903854370117e+00 4.103240966796875000e+00
1.737996101379394531e+00 1.976980447769165039e+00
2.911895036697387695e+00 2.015796422958374023e+00
2.500581979751586914e+00 1.700109243392944336e+00
1.725300788879394531e+00 2.719386339187622070e+00
2.315530776977539062e+00 1.749309539794921875e+00
1.979837179183959961e+00 2.148860692977905273e+00
2.336386442184448242e+00 1.538843154907226562e+00
1.765858411788940430e+00 2.807421684265136719e+00
2.351385116577148438e+00 1.895449638366699219e+00
2.177994251251220703e+00 2.458632946014404297e+00
1.389338731765747070e+00 1.117822885513305664e+00
2.726282358169555664e+00 2.825055122375488281e+00
2.903239488601684570e+00 2.780922889709472656e+00
2.999566078186035156e+00 2.760280370712280273e+00
2.130644083023071289e+00 2.500928401947021484e+00
1.704170465469360352e+00 1.823017716407775879e+00
2.039678096771240234e+00 2.261994361877441406e+00
3.058523178100585938e+00 2.295483350753784180e+00
3.022898435592651367e+00 2.547769546508789062e+00
2.882557153701782227e+00 2.098240137100219727e+00
2.650017976760864258e+00 2.546667575836181641e+00
1.104268431663513184e+00 2.172841548919677734e+00
1.504774570465087891e+00 2.413906574249267578e+00
2.332472324371337891e+00 4.759101390838623047e+00
1.926211833953857422e+00 4.098972797393798828e+00
2.320802927017211914e+00 4.150907516479492188e+00
3.139452457427978516e+00 3.553910255432128906e+00
2.112601757049560547e+00 1.883317708969116211e+00
2.028308868408203125e+00 3.366659164428710938e+00
2.895290613174438477e+00 1.833202838897705078e+00
1.534986257553100586e+00 1.985442042350769043e+00
1.899460792541503906e+00 1.688015937805175781e+00
1.918982982635498047e+00 1.601559877395629883e+00
2.633305311203002930e+00 1.967608451843261719e+00
1.933438777923583984e+00 3.266981124877929688e+00
2.141173601150512695e+00 2.268905401229858398e+00
2.708688020706176758e+00 1.956874847412109375e+00
3.096274614334106445e+00 3.116948127746582031e+00
2.037294149398803711e+00 1.961583375930786133e+00
7.961262464523315430e-01 2.581293582916259766e+00
2.951641559600830078e+00 3.063672065734863281e+00
1.378136396408081055e+00 2.486609935760498047e+00
2.098310947418212891e+00 2.547566890716552734e+00
2.417432546615600586e+00 2.265989542007446289e+00
2.579769849777221680e+00 2.381014823913574219e+00
1.212336063385009766e+00 1.646381258964538574e+00
2.214473485946655273e+00 2.011012554168701172e+00
2.413331031799316406e+00 2.282123327255249023e+00
4.275323152542114258e-01 2.726632118225097656e+00
2.398446321487426758e+00 2.144319295883178711e+00
4.240571856498718262e-01 4.706071376800537109e+00
1.839308261871337891e+00 1.866699934005737305e+00
1.134578943252563477e+00 2.493733644485473633e+00
2.009774923324584961e+00 3.342514991760253906e+00
2.312520742416381836e+00 2.342533349990844727e+00
1.512965917587280273e+00 1.803113579750061035e+00
1.697362661361694336e+00 1.754477024078369141e+00
2.822649478912353516e+00 2.219692230224609375e+00
2.330148220062255859e+00 2.846765279769897461e+00
2.751557111740112305e+00 2.263840675354003906e+00
2.320732355117797852e+00 1.937400937080383301e+00
6.689293980598449707e-01 1.558553218841552734e+00
2.686847209930419922e+00 2.786337375640869141e+00
1.934433460235595703e+00 1.791214466094970703e+00
1.927146911621093750e+00 1.883965492248535156e+00
1.900477409362792969e+00 1.210239648818969727e+00
3.572742700576782227e+00 1.775719046592712402e+00
1.849812984466552734e+00 1.920158743858337402e+00
2.217585086822509766e+00 2.523411273956298828e+00
2.153655767440795898e+00 2.673943281173706055e+00
2.008998870849609375e+00 2.200092315673828125e+00
2.533285856246948242e+00 2.120313167572021484e+00
2.518403291702270508e+00 2.358433485031127930e+00
1.813745498657226562e+00 2.901588439941406250e+00
2.592652797698974609e+00 2.483247756958007812e+00
2.690774440765380859e+00 2.129965066909790039e+00
1.599667310714721680e+00 4.337556362152099609e+00
1.582336902618408203e+00 2.209655523300170898e+00
1.747627735137939453e+00 2.501351833343505859e+00
4.445927143096923828e+00 2.299238204956054688e+00
2.137219667434692383e+00 2.729295730590820312e+00
2.460833549499511719e+00 2.774736881256103516e+00
2.550685644149780273e+00 2.389917135238647461e+00
2.890076160430908203e+00 2.080168724060058594e+00
1.733778119087219238e-01 2.872535705566406250e+00
2.039836883544921875e+00 2.379884719848632812e+00
2.551186800003051758e+00 2.214399337768554688e+00
2.424193382263183594e+00 2.329656600952148438e+00
1.985829114913940430e+00 1.748771786689758301e+00
6.640409827232360840e-01 5.092499256134033203e+00
2.040429592132568359e+00 2.925223827362060547e+00
4.601685523986816406e+00 4.939531326293945312e+00
2.031307935714721680e+00 2.385786533355712891e+00
5.090484619140625000e-01 3.136111736297607422e+00
1.958349227905273438e+00 2.663924217224121094e+00
3.978562831878662109e+00 2.193931102752685547e+00
1.140951633453369141e+00 2.469003200531005859e+00
2.613112926483154297e+00 1.791690707206726074e+00
2.489724874496459961e+00 2.145629882812500000e+00
3.165153980255126953e+00 2.748132705688476562e+00
3.312149524688720703e+00 3.315851211547851562e+00
1.684094905853271484e+00 1.703870773315429688e+00
2.166230916976928711e+00 2.354679822921752930e+00
1.612467288970947266e+00 1.822864055633544922e+00
2.236554384231567383e+00 2.169713973999023438e+00
1.467676401138305664e+00 1.384137392044067383e+00
3.328204154968261719e+00 2.503244876861572266e+00
2.510603904724121094e+00 1.978636980056762695e+00
1.637303590774536133e+00 3.249991178512573242e+00
2.808819770812988281e+00 3.153907060623168945e+00
2.484759807586669922e+00 2.869547128677368164e+00
2.641582250595092773e+00 2.606598615646362305e+00
2.080126523971557617e+00 2.292978763580322266e+00
1.760807037353515625e+00 1.925214290618896484e+00
3.580698013305664062e+00 2.879290580749511719e+00
1.410899162292480469e-01 3.000876903533935547e+00
1.027587056159973145e+00 3.015107870101928711e+00
9.247743487358093262e-01 2.532983303070068359e+00
1.422911405563354492e+00 2.148670196533203125e+00
1.672008752822875977e+00 1.744742035865783691e+00
2.752505064010620117e+00 2.791084289550781250e+00
3.246636629104614258e+00 2.339260578155517578e+00
2.178209304809570312e+00 2.755349159240722656e+00
9.439999461174011230e-01 2.405100345611572266e+00
1.953604459762573242e+00 1.891302585601806641e+00
1.775348901748657227e+00 2.000677347183227539e+00
2.529337644577026367e+00 2.749272584915161133e+00
1.904020309448242188e+00 1.802446365356445312e+00
1.756299495697021484e+00 2.172445297241210938e+00
2.409439802169799805e+00 2.033615350723266602e+00
3.226278543472290039e+00 2.769347190856933594e+00
1.786767005920410156e+00 2.298954010009765625e+00
9.810149669647216797e-03 3.197735071182250977e+00
2.083703517913818359e+00 2.985277891159057617e+00
2.312836647033691406e+00 2.145422220230102539e+00
2.096522092819213867e+00 1.988376498222351074e+00
1.847046375274658203e+00 2.407923221588134766e+00
2.511716127395629883e+00 2.746687889099121094e+00
3.255591869354248047e+00 3.629863262176513672e+00
2.148767948150634766e+00 2.126674652099609375e+00
1.168565988540649414e+00 1.653130769729614258e+00
3.192875862121582031e+00 1.564951658248901367e+00
2.766940832138061523e+00 1.392821907997131348e+00
2.278619050979614258e+00 2.411290645599365234e+00
1.650922298431396484e+00 2.104916572570800781e+00
1.704831600189208984e+00 2.036384344100952148e+00
2.266828775405883789e+00 2.088188886642456055e+00
2.437527894973754883e+00 2.142763614654541016e+00
5.746508836746215820e-01 4.395308494567871094e+00
2.777136325836181641e+00 2.675982475280761719e+00
1.821548700332641602e+00 2.578469514846801758e+00
1.714363336563110352e+00 2.159571886062622070e+00
2.743550539016723633e+00 2.835896492004394531e+00
2.319712400436401367e+00 2.632999897003173828e+00
2.337161779403686523e+00 2.683095216751098633e+00
2.308795690536499023e+00 1.460507631301879883e+00
4.351168632507324219e+00 2.693175792694091797e+00
2.697519302368164062e+00 1.792186260223388672e+00
1.536603450775146484e+00 2.410972595214843750e+00
1.894532918930053711e+00 1.815342426300048828e+00
1.608116149902343750e+00 2.161788463592529297e+00
2.608947038650512695e+00 3.079765319824218750e+00
2.291803359985351562e+00 2.717926502227783203e+00
2.534024238586425781e+00 2.647708892822265625e+00
2.534024238586425781e+00 2.647708892822265625e+00
1.581426858901977539e+00 2.084252119064331055e+00
2.820097684860229492e+00 2.510345935821533203e+00
2.705975532531738281e+00 3.005962848663330078e+00
2.246768951416015625e+00 1.536681294441223145e+00
2.285578727722167969e+00 1.326602935791015625e+00
2.490161657333374023e+00 2.911355257034301758e+00
3.991477966308593750e+00 3.263657569885253906e+00
2.098540306091308594e+00 4.434828758239746094e+00
1.506771564483642578e+00 1.713181734085083008e+00
1.222132444381713867e+00 2.345923185348510742e+00
1.940737009048461914e+00 2.239859819412231445e+00
1.706863880157470703e+00 2.213123798370361328e+00
1.552000284194946289e+00 1.408833384513854980e+00
2.318801641464233398e+00 2.285871505737304688e+00
3.862866163253784180e+00 2.942629337310791016e+00
1.050323009490966797e+00 2.265367031097412109e+00
2.122127532958984375e+00 2.309854984283447266e+00
1.440430879592895508e+00 2.428484439849853516e+00
1.649574518203735352e+00 2.032410860061645508e+00
1.659524917602539062e+00 1.550340056419372559e+00
2.218611955642700195e+00 2.329375267028808594e+00
1.542734384536743164e+00 1.840235829353332520e+00
2.400435209274291992e+00 1.998700141906738281e+00
3.555620670318603516e+00 1.306747317314147949e+00
2.214763641357421875e+00 1.949494123458862305e+00
2.702705860137939453e+00 2.115780591964721680e+00
1.673016786575317383e+00 1.816062211990356445e+00
1.471937656402587891e+00 2.265592575073242188e+00
2.476161479949951172e+00 2.624295234680175781e+00
