6.395069122314453125e+00 8.540253639221191406e+00
2.921908140182495117e+00 8.651473045349121094e+00
3.654050111770629883e+00 4.091631412506103516e+00
4.109841346740722656e+00 4.768967151641845703e+00
4.028383731842041016e+00 4.703866004943847656e+00
4.296245574951171875e+00 4.756298065185546875e+00
3.639829874038696289e+00 3.027150154113769531e+00
4.451274394989013672e+00 3.779770374298095703e+00
3.649593114852905273e+00 3.764780759811401367e+00
4.603421211242675781e+00 5.077374935150146484e+00
5.163228034973144531e+00 4.062030315399169922e+00
3.649302244186401367e+00 4.394004344940185547e+00
4.568700313568115234e+00 4.081999778747558594e+00
3.885021448135375977e+00 3.865504980087280273e+00
4.375178337097167969e+00 3.964676856994628906e+00
4.190383434295654297e+00 4.815389156341552734e+00
3.649302244186401367e+00 4.394004344940185547e+00
4.077097892761230469e+00 4.598682403564453125e+00
4.411078453063964844e+00 4.190363407135009766e+00
2.137197256088256836e+00 7.039466857910156250e+00
3.598950624465942383e+00 4.847520351409912109e+00
3.716097116470336914e+00 4.116125583648681641e+00
1.980734825134277344e+00 4.734777927398681641e+00
3.595809221267700195e+00 4.050956726074218750e+00
3.854711532592773438e+00 4.176743984222412109e+00
4.580153942108154297e+00 4.140625000000000000e+00
3.477217912673950195e+00 4.370245456695556641e+00
4.046119213104248047e+00 4.360270023345947266e+00
3.716097116470336914e+00 4.116125583648681641e+00
4.002771377563476562e+00 4.365380764007568359e+00
3.847351789474487305e+00 4.227528095245361328e+00
4.728952407836914062e+00 8.800065994262695312e+00
3.691108942031860352e+00 4.358878612518310547e+00
3.597374677658081055e+00 4.538117885589599609e+00
3.675794124603271484e+00 4.862747192382812500e+00
3.656164407730102539e+00 4.731392860412597656e+00
3.443867921829223633e+00 1.718136906623840332e+00
3.564596414566040039e+00 1.511574745178222656e+00
6.417009353637695312e+00 4.857123374938964844e+00
4.296380519866943359e+00 1.709146976470947266e+00
2.835786342620849609e+00 1.063268065452575684e+00
2.452841520309448242e+00 1.088347434997558594e+00
3.999018669128417969e+00 5.933180809020996094e+00
4.177222251892089844e+00 2.310762405395507812e+00
3.429131269454956055e+00 1.182457208633422852e+00
3.736422300338745117e+00 1.584554672241210938e+00
3.696637868881225586e+00 1.013373374938964844e+00
3.703876256942749023e+00 1.655124664306640625e+00
3.999094724655151367e+00 9.861674308776855469e-01
3.573539972305297852e+00 2.020282745361328125e+00
3.913745403289794922e+00 1.607410669326782227e+00
2.719173192977905273e+00 1.765850782394409180e+00
2.206014394760131836e+00 1.872350215911865234e+00
0.000000000000000000e+00 2.540679275989532471e-01
5.483840107917785645e-01 0.000000000000000000e+00
6.652242541313171387e-01 1.895076930522918701e-01
1.392712742090225220e-01 0.000000000000000000e+00
1.682029724121093750e+00 9.504030942916870117e-01
0.000000000000000000e+00 0.000000000000000000e+00
3.558800518512725830e-01 5.491149425506591797e-02
8.877407014369964600e-02 0.000000000000000000e+00
2.168378382921218872e-01 7.984328269958496094e-02
1.813822686672210693e-01 4.470190405845642090e-02
3.086176514625549316e-02 0.000000000000000000e+00
0.000000000000000000e+00 2.265392303466796875e+00
7.737186551094055176e-01 6.464530527591705322e-02
1.222614049911499023e+00 0.000000000000000000e+00
2.868463516235351562e+00 2.079972982406616211e+00
1.798267126083374023e+00 1.181038737297058105e+00
2.048862218856811523e+00 1.565008640289306641e+00
2.609351634979248047e+00 2.382656812667846680e+00
1.792646408081054688e+00 1.717747211456298828e+00
3.673607110977172852e+00 3.666128635406494141e+00
1.780056715011596680e+00 2.289362907409667969e+00
1.707685947418212891e+00 7.025341510772705078e+00
1.409220695495605469e+00 7.624193429946899414e-01
3.700147271156311035e-01 2.473494291305541992e+00
2.118955135345458984e+00 3.441441535949707031e+00
1.183978080749511719e+00 3.153803348541259766e+00
1.216887474060058594e+00 1.973628759384155273e+00
1.101935625076293945e+00 2.770211219787597656e+00
1.440977454185485840e-01 2.320508003234863281e+00
1.043153762817382812e+00 2.407807350158691406e+00
3.748982250690460205e-01 2.018728256225585938e+00
2.580639839172363281e+00 2.198141098022460938e+00
8.534722924232482910e-01 2.341676235198974609e+00
9.585779905319213867e-01 2.298977851867675781e+00
9.006832242012023926e-01 2.136153459548950195e+00
9.026314020156860352e-01 2.401863098144531250e+00
4.310915946960449219e+00 4.024859428405761719e+00
3.252131223678588867e+00 2.014677762985229492e+00
2.229402303695678711e+00 1.924002408981323242e+00
2.613722085952758789e+00 2.727995157241821289e+00
2.272568941116333008e+00 2.502921581268310547e+00
2.197757005691528320e+00 2.642374277114868164e+00
3.593671560287475586e+00 4.153320789337158203e+00
2.092665433883666992e+00 2.419998645782470703e+00
2.297095537185668945e+00 2.658296585083007812e+00
1.689649105072021484e+00 1.736684322357177734e+00
5.164006233215332031e+00 7.310589313507080078e+00
2.846889019012451172e+00 3.136590003967285156e+00
1.508475780487060547e+00 2.526817321777343750e+00
2.283955097198486328e+00 2.900485754013061523e+00
2.248891592025756836e+00 2.931634902954101562e+00
2.133318662643432617e+00 2.552955150604248047e+00
2.229460954666137695e+00 1.706557750701904297e+00
2.002190351486206055e+00 2.136294364929199219e+00
2.386812448501586914e+00 2.572354316711425781e+00
4.705256938934326172e+00 3.063569068908691406e+00
2.933102846145629883e+00 1.524315476417541504e+00
2.438381195068359375e+00 1.679172754287719727e+00
1.738700151443481445e+00 6.627155303955078125e+00
2.651101827621459961e+00 6.812425136566162109e+00
2.424234151840209961e+00 6.618518352508544922e+00
2.550081729888916016e+00 6.487529277801513672e+00
1.638895273208618164e+00 7.255192756652832031e+00
6.746699810028076172e+00 8.412644386291503906e+00
2.135771989822387695e+00 6.606342315673828125e+00
1.901512861251831055e+00 6.752773761749267578e+00
2.089818954467773438e+00 6.529942035675048828e+00
1.597750663757324219e+00 6.393769741058349609e+00
2.057841777801513672e+00 7.113906860351562500e+00
3.690195083618164062e+00 5.577492713928222656e+00
2.279642581939697266e+00 6.531972408294677734e+00
2.318989753723144531e+00 6.628388881683349609e+00
1.887796401977539062e+00 6.876617431640625000e+00
2.109815835952758789e+00 6.819271564483642578e+00
2.444368600845336914e+00 6.942029476165771484e+00
1.936968326568603516e+00 6.606305599212646484e+00
2.163730382919311523e+00 6.085807323455810547e+00
2.229568958282470703e+00 6.954485893249511719e+00
2.579684495925903320e+00 7.281940937042236328e+00
2.354454040527343750e+00 7.006211757659912109e+00
2.593500852584838867e+00 6.701008319854736328e+00
2.218281030654907227e+00 7.016933917999267578e+00
2.235129356384277344e+00 6.874751567840576172e+00
1.584937810897827148e+00 6.167088985443115234e+00
2.076686143875122070e+00 6.564336299896240234e+00
1.896747112274169922e+00 6.245673656463623047e+00
3.576099872589111328e+00 8.783670425415039062e+00
2.577653408050537109e+00 6.354479312896728516e+00
1.754586935043334961e+00 6.558969974517822266e+00
1.941806077957153320e+00 6.674008846282958984e+00
2.390913009643554688e+00 6.931326389312744141e+00
1.671453952789306641e+00 6.315379142761230469e+00
1.691366910934448242e+00 6.645742416381835938e+00
1.158535480499267578e+00 5.652416706085205078e+00
1.777349948883056641e+00 6.778380870819091797e+00
2.102478981018066406e+00 7.084546566009521484e+00
2.109562873840332031e+00 6.390012264251708984e+00
1.776296615600585938e+00 6.609840393066406250e+00
1.779451370239257812e+00 6.494565486907958984e+00
2.320691585540771484e+00 2.729129791259765625e+00
2.547125339508056641e+00 2.541085720062255859e+00
1.956077337265014648e+00 1.798982143402099609e+00
1.974335908889770508e+00 2.090309619903564453e+00
1.886102437973022461e+00 2.173514366149902344e+00
1.375120639801025391e+00 2.107086658477783203e+00
2.802108764648437500e+00 2.401931285858154297e+00
2.703917741775512695e+00 3.190964221954345703e+00
1.149866580963134766e+00 1.903095722198486328e+00
2.275960445404052734e+00 2.264094829559326172e+00
2.654597043991088867e+00 2.077859401702880859e+00
1.095869183540344238e+00 2.792253494262695312e+00
4.440404891967773438e+00 3.433276176452636719e+00
3.837282896041870117e+00 4.786322116851806641e+00
2.844097852706909180e+00 3.285501003265380859e+00
2.709669351577758789e+00 3.187002897262573242e+00
2.805947065353393555e+00 2.653924465179443359e+00
3.617747545242309570e+00 2.623883724212646484e+00
2.047253370285034180e+00 2.384068489074707031e+00
2.209084749221801758e+00 1.927422761917114258e+00
2.260201692581176758e+00 2.669804096221923828e+00
2.401621818542480469e+00 2.678200721740722656e+00
2.427674531936645508e+00 2.010281801223754883e+00
5.023381710052490234e-01 3.456199407577514648e+00
2.550275802612304688e+00 2.136070251464843750e+00
1.396052360534667969e+00 2.056187391281127930e+00
3.066559553146362305e+00 2.752816677093505859e+00
2.851559638977050781e+00 2.697724580764770508e+00
2.610800981521606445e+00 1.980412483215332031e+00
8.914802670478820801e-01 1.779774904251098633e+00
1.693693399429321289e+00 1.797291278839111328e+00
1.984941720962524414e+00 2.628341674804687500e+00
1.599081993103027344e+00 1.705343961715698242e+00
1.680336713790893555e+00 1.943568706512451172e+00
2.411782264709472656e+00 2.608458757400512695e+00
2.414768457412719727e+00 2.872293472290039062e+00
2.203066349029541016e+00 2.648304939270019531e+00
2.296201467514038086e+00 1.720666646957397461e+00
2.467600345611572266e+00 2.385330200195312500e+00
1.924245834350585938e+00 2.041018724441528320e+00
2.480476617813110352e+00 2.142176628112792969e+00
2.461360454559326172e+00 4.301229953765869141e+00
1.361546516418457031e+00 1.834990024566650391e+00
1.770809173583984375e+00 1.598151206970214844e+00
1.938364505767822266e+00 2.385230302810668945e+00
2.228290796279907227e+00 2.090917348861694336e+00
2.487266540527343750e+00 2.378067493438720703e+00
2.031884670257568359e+00 2.129921913146972656e+00
1.991394758224487305e+00 1.979471921920776367e+00
1.354815959930419922e+00 1.280348896980285645e+00
1.648291349411010742e+00 1.989658832550048828e+00
2.079578638076782227e+00 2.246958255767822266e+00
1.693693399429321289e+00 1.797291278839111328e+00
2.568620204925537109e+00 2.821485519409179688e+00
1.314264774322509766e+00 1.754274368286132812e+00
2.337224960327148438e+00 1.979974031448364258e+00
2.460849523544311523e+00 2.434633731842041016e+00
1.782495021820068359e+00 2.048342227935791016e+00
1.883330821990966797e+00 2.214023590087890625e+00
2.414768457412719727e+00 2.872293472290039062e+00
2.168228387832641602e+00 2.367839813232421875e+00
5.210112333297729492e-01 9.786598682403564453e-01
2.374200344085693359e+00 1.615732669830322266e+00
1.860203266143798828e+00 4.449374675750732422e+00
1.361239433288574219e+00 1.841647505760192871e+00
1.385216712951660156e+00 2.563116788864135742e+00
1.162389755249023438e+00 2.117764472961425781e+00
1.152387380599975586e+00 1.462563276290893555e+00
2.340745449066162109e+00 1.408689975738525391e+00
2.752047538757324219e+00 1.194761991500854492e+00
2.117677927017211914e+00 1.228389263153076172e+00
2.213488101959228516e+00 1.396584272384643555e+00
2.558757305145263672e+00 2.459022998809814453e+00
1.526540279388427734e+00 1.151958942413330078e+00
2.082014560699462891e+00 1.850336670875549316e+00
2.116452217102050781e+00 2.062843322753906250e+00
1.581338882446289062e+00 1.878547191619873047e+00
1.808020353317260742e+00 1.831585168838500977e+00
1.594704627990722656e+00 1.565158605575561523e+00
1.556435585021972656e+00 1.440646886825561523e+00
3.563495159149169922e+00 2.669734716415405273e+00
2.765735864639282227e+00 2.156862020492553711e+00
2.490710258483886719e+00 1.553464174270629883e+00
2.962681055068969727e+00 2.013922214508056641e+00
2.511068105697631836e+00 2.088994026184082031e+00
2.287270545959472656e+00 2.389625072479248047e+00
2.623745679855346680e+00 1.888561844825744629e+00
9.811653494834899902e-01 2.056195259094238281e+00
2.434978723526000977e+00 2.591417312622070312e+00
2.520396471023559570e+00 2.420484542846679688e+00
2.397821187973022461e+00 1.728753089904785156e+00
2.390837907791137695e+00 1.416465044021606445e+00
2.663829326629638672e+00 1.983870983123779297e+00
2.332473039627075195e+00 2.220427989959716797e+00
2.462090492248535156e+00 2.438390254974365234e+00
4.359469890594482422e+00 3.740820169448852539e+00
2.667701959609985352e+00 2.624799966812133789e+00
3.200994729995727539e+00 2.891039371490478516e+00
2.652988672256469727e+00 2.773045539855957031e+00
2.429896354675292969e+00 2.092989921569824219e+00
2.785219669342041016e+00 2.508354663848876953e+00
2.688889503479003906e+00 2.576733112335205078e+00
2.528990745544433594e+00 3.123196601867675781e+00
2.642853260040283203e+00 2.626848697662353516e+00
2.250872611999511719e+00 2.275484561920166016e+00
2.469671010971069336e+00 2.622258186340332031e+00
2.104907035827636719e+00 2.462306976318359375e+00
2.642853498458862305e+00 2.626848697662353516e+00
2.523736953735351562e+00 2.261525392532348633e+00
2.906111955642700195e+00 1.994440674781799316e+00
1.145515441894531250e+00 2.150971889495849609e+00
2.521328449249267578e+00 1.683188796043395996e+00
2.662430763244628906e+00 1.794162511825561523e+00
1.908609628677368164e+00 1.788185834884643555e+00
2.056222677230834961e+00 1.793038845062255859e+00
3.195655584335327148e+00 2.617001056671142578e+00
2.235606431961059570e+00 2.196832656860351562e+00
2.367707014083862305e+00 2.944328784942626953e+00
1.981844663619995117e+00 2.185535907745361328e+00
2.822245597839355469e+00 3.133706092834472656e+00
1.890225410461425781e+00 1.730411410331726074e+00
1.413339614868164062e+00 2.746005058288574219e+00
2.056664466857910156e+00 2.110110759735107422e+00
2.945070028305053711e+00 2.262252092361450195e+00
7.636904716491699219e-01 1.708108663558959961e+00
2.343971014022827148e+00 1.914344668388366699e+00
2.494820356369018555e+00 2.266411304473876953e+00
2.456565141677856445e+00 1.786712408065795898e+00
3.106267213821411133e+00 2.995185136795043945e+00
2.872339487075805664e+00 2.176647663116455078e+00
2.684073209762573242e+00 2.326599359512329102e+00
1.190284013748168945e+00 2.562838554382324219e+00
2.865497589111328125e+00 2.188358783721923828e+00
2.400251150131225586e+00 1.664181232452392578e+00
2.496890544891357422e+00 1.459465980529785156e+00
2.186402320861816406e+00 1.518424749374389648e+00
2.743871212005615234e+00 1.991178274154663086e+00
1.981546878814697266e+00 1.862524271011352539e+00
1.958936452865600586e+00 2.500529527664184570e+00
2.441775560379028320e+00 2.632138729095458984e+00
1.096585392951965332e+00 3.415335655212402344e+00
2.407655715942382812e+00 2.075733661651611328e+00
2.153261423110961914e+00 1.925763249397277832e+00
3.286306858062744141e+00 3.751526594161987305e+00
2.321337223052978516e+00 3.352138996124267578e+00
2.057915687561035156e+00 2.974105358123779297e+00
9.800261855125427246e-01 2.281698465347290039e+00
9.927644133567810059e-01 1.638800024986267090e+00
1.414425611495971680e+00 7.956199645996093750e-01
2.633531808853149414e+00 2.874845981597900391e+00
2.184602975845336914e+00 2.904700040817260742e+00
2.884301662445068359e+00 2.758268833160400391e+00
3.068875551223754883e+00 3.073873043060302734e+00
2.482746362686157227e+00 2.458560466766357422e+00
2.317074298858642578e+00 4.381295680999755859e+00
3.021213769912719727e+00 2.603963375091552734e+00
1.620527505874633789e+00 2.748546123504638672e+00
2.432425975799560547e+00 2.590755462646484375e+00
2.029027462005615234e+00 2.196141242980957031e+00
1.768278121948242188e+00 1.496977686882019043e+00
1.807238817214965820e+00 3.633853197097778320e+00
2.686005830764770508e+00 4.025058269500732422e+00
2.424500703811645508e+00 2.620634555816650391e+00
2.520331382751464844e+00 2.614135742187500000e+00
2.587494373321533203e+00 2.790764331817626953e+00
1.403793573379516602e+00 1.064623951911926270e+00
2.581464052200317383e+00 2.664569854736328125e+00
2.477054119110107422e+00 2.426131963729858398e+00
2.678556919097900391e+00 2.542519569396972656e+00
2.310546636581420898e+00 1.551637291908264160e+00
2.013687133789062500e+00 2.316010236740112305e+00
2.709335327148437500e+00 2.124685764312744141e+00
2.483510494232177734e+00 2.645335435867309570e+00
3.058523178100585938e+00 2.295483350753784180e+00
2.242458820343017578e+00 1.789751529693603516e+00
2.106396436691284180e+00 2.090597629547119141e+00
1.296233415603637695e+00 1.757962703704833984e+00
1.568618059158325195e+00 2.556607246398925781e+00
1.892653703689575195e+00 4.103870868682861328e+00
2.905560255050659180e+00 3.099885463714599609e+00
2.471848726272583008e+00 2.265175580978393555e+00
1.210405111312866211e+00 1.728672027587890625e+00
9.197199344635009766e-01 4.552180290222167969e+00
2.232543945312500000e+00 2.118320941925048828e+00
2.485660076141357422e+00 1.641267776489257812e+00
1.961817741394042969e+00 2.099520444869995117e+00
1.706314086914062500e+00 1.907177448272705078e+00
2.465341567993164062e+00 3.391208648681640625e+00
2.141173601150512695e+00 2.268905401229858398e+00
2.338708162307739258e+00 1.936982631683349609e+00
1.739538431167602539e+00 2.292745351791381836e+00
1.986223936080932617e+00 2.258311271667480469e+00
8.664917349815368652e-01 2.678321123123168945e+00
7.431640028953552246e-01 4.393073558807373047e+00
3.423799991607666016e+00 2.428386926651000977e+00
1.733283758163452148e+00 1.768725156784057617e+00
2.636547327041625977e+00 2.357730388641357422e+00
2.204375743865966797e+00 2.684132099151611328e+00
1.212336063385009766e+00 1.646381258964538574e+00
1.849580764770507812e+00 2.288026094436645508e+00
2.413331031799316406e+00 2.282123327255249023e+00
3.189212322235107422e+00 2.315278768539428711e+00
4.275323152542114258e-01 2.726632118225097656e+00
2.398446321487426758e+00 2.144319295883178711e+00
1.898101568222045898e+00 4.079933643341064453e+00
2.532453536987304688e+00 2.539708137512207031e+00
1.352787733078002930e+00 1.920613050460815430e+00
2.425682067871093750e+00 2.580761194229125977e+00
2.062630414962768555e+00 2.573864459991455078e+00
1.512965917587280273e+00 1.803113579750061035e+00
1.697362661361694336e+00 1.754477024078369141e+00
2.526222467422485352e+00 2.551480770111083984e+00
2.577054023742675781e+00 2.176002979278564453e+00
2.238953590393066406e+00 1.945246696472167969e+00
1.954353809356689453e+00 1.761625528335571289e+00
2.237831830978393555e+00 2.567584276199340820e+00
3.574412822723388672e+00 3.191702365875244141e+00
3.280946493148803711e+00 2.466070652008056641e+00
2.664197921752929688e+00 3.233260631561279297e+00
3.657653093338012695e+00 2.506522178649902344e+00
1.554516077041625977e+00 1.880795240402221680e+00
3.034299373626708984e+00 2.051869392395019531e+00
2.758733034133911133e+00 3.034395694732666016e+00
2.996754407882690430e+00 2.441101074218750000e+00
2.210085391998291016e+00 2.387056827545166016e+00
2.518684864044189453e+00 1.851321458816528320e+00
2.786126375198364258e+00 2.709797859191894531e+00
1.228843688964843750e+00 2.489542484283447266e+00
2.211753129959106445e+00 2.042953252792358398e+00
2.520344972610473633e+00 1.041270494461059570e+00
1.661293983459472656e+00 2.771144866943359375e+00
2.190139055252075195e+00 1.935926914215087891e+00
3.394749164581298828e+00 2.089207649230957031e+00
1.862585306167602539e+00 2.314396381378173828e+00
3.757719755172729492e+00 3.106363296508789062e+00
2.285489082336425781e+00 3.000231266021728516e+00
2.313329577445983887e-01 3.147601366043090820e+00
1.870749711990356445e+00 2.890838861465454102e+00
2.254421472549438477e+00 2.543949127197265625e+00
1.923953056335449219e+00 5.372288227081298828e+00
2.082445144653320312e+00 2.550276279449462891e+00
5.010839939117431641e+00 2.573981285095214844e+00
5.619605779647827148e-01 7.063317298889160156e-01
9.518614411354064941e-02 2.538259744644165039e+00
1.544353961944580078e+00 1.766958475112915039e+00
2.947452068328857422e+00 2.603490829467773438e+00
7.242459654808044434e-01 1.604640841484069824e+00
1.714777469635009766e+00 1.683573722839355469e+00
2.444512128829956055e+00 2.672210216522216797e+00
2.288272857666015625e+00 2.482332706451416016e+00
1.792329072952270508e+00 2.265965223312377930e+00
1.289973974227905273e+00 1.343171477317810059e+00
1.482788562774658203e+00 1.507709026336669922e+00
9.465067386627197266e-01 5.963919162750244141e-01
2.051024913787841797e+00 1.908621549606323242e+00
1.451597452163696289e+00 2.052270174026489258e+00
3.328204154968261719e+00 2.503244876861572266e+00
1.759792327880859375e+00 1.752250909805297852e+00
1.530544519424438477e+00 3.104103088378906250e+00
2.407044410705566406e+00 2.293709278106689453e+00
2.828928470611572266e+00 2.650575160980224609e+00
2.300787925720214844e+00 2.816423892974853516e+00
1.958982706069946289e+00 1.926705002784729004e+00
1.648307085037231445e+00 2.090530395507812500e+00
4.238644599914550781e+00 3.464421749114990234e+00
1.410899162292480469e-01 3.000876903533935547e+00
2.959948301315307617e+00 2.187051773071289062e+00
2.485343933105468750e+00 2.725631713867187500e+00
1.708014965057373047e+00 1.618391752243041992e+00
1.088449716567993164e+00 2.655265808105468750e+00
3.212303817272186279e-01 2.608580112457275391e+00
2.026116847991943359e+00 1.782022714614868164e+00
1.496301651000976562e+00 1.887914896011352539e+00
1.453493118286132812e+00 1.746459245681762695e+00
2.752505064010620117e+00 2.791084289550781250e+00
2.001045942306518555e+00 2.711893081665039062e+00
2.279930353164672852e+00 2.667797088623046875e+00
9.439999461174011230e-01 2.405100345611572266e+00
1.670619487762451172e+00 1.681759595870971680e+00
1.953604459762573242e+00 1.891302585601806641e+00
3.744507789611816406e+00 1.015064120292663574e+00
2.431788206100463867e+00 2.753823280334472656e+00
2.298921823501586914e+00 2.077585697174072266e+00
1.764262914657592773e+00 1.480566501617431641e+00
1.376885175704956055e+00 9.094784259796142578e-01
1.756299495697021484e+00 2.172445297241210938e+00
2.018362998962402344e+00 1.594402551651000977e+00
2.033152103424072266e+00 3.234242439270019531e+00
1.854071378707885742e+00 2.392359733581542969e+00
1.562092542648315430e+00 2.238230705261230469e+00
1.364884614944458008e+00 2.290779829025268555e+00
2.492721080780029297e+00 1.479460000991821289e+00
3.134715318679809570e+00 2.009773015975952148e+00
2.641814470291137695e+00 3.201605319976806641e+00
2.418765783309936523e+00 2.506653785705566406e+00
1.168565988540649414e+00 1.653130769729614258e+00
1.594165325164794922e+00 1.973645687103271484e+00
2.278619050979614258e+00 2.411290645599365234e+00
1.606620311737060547e+00 2.328312397003173828e+00
1.757221460342407227e+00 1.714402556419372559e+00
1.496890068054199219e+00 2.320530176162719727e+00
2.158446311950683594e+00 1.821591973304748535e+00
8.765609860420227051e-01 4.479251384735107422e+00
2.269151926040649414e+00 2.548799514770507812e+00
2.725879192352294922e+00 4.188071250915527344e+00
1.666144132614135742e+00 2.415817737579345703e+00
2.478224039077758789e+00 2.802456855773925781e+00
1.628983259201049805e+00 2.300371170043945312e+00
1.811536312103271484e+00 1.707193374633789062e+00
1.100547313690185547e+00 9.934762716293334961e-01
2.238496541976928711e+00 1.978952646255493164e+00
1.536603450775146484e+00 2.410972595214843750e+00
1.574029445648193359e+00 2.299876689910888672e+00
2.049425601959228516e+00 1.802268862724304199e+00
1.736937522888183594e+00 2.284497022628784180e+00
1.647268295288085938e+00 2.966336250305175781e+00
1.701848983764648438e+00 1.904552340507507324e+00
2.121150255203247070e+00 1.771273016929626465e+00
2.121150255203247070e+00 1.771273016929626465e+00
2.333939552307128906e+00 2.469550132751464844e+00
2.879527091979980469e+00 1.765655040740966797e+00
2.570887327194213867e+00 2.889595985412597656e+00
2.159440517425537109e+00 1.869384050369262695e+00
2.285578727722167969e+00 1.326602935791015625e+00
1.837602853775024414e+00 1.824801683425903320e+00
2.379009723663330078e+00 2.838113784790039062e+00
1.969645500183105469e+00 2.030234336853027344e+00
3.263114929199218750e+00 1.157314896583557129e+00
2.705954074859619141e+00 2.471956253051757812e+00
2.352131843566894531e+00 2.724691867828369141e+00
2.438290357589721680e+00 2.576559066772460938e+00
2.252351760864257812e+00 2.637225151062011719e+00
2.492079973220825195e+00 1.858371376991271973e+00
1.930346965789794922e+00 2.937988281250000000e+00
1.699454307556152344e+00 1.841008901596069336e+00
1.932722568511962891e+00 2.553048133850097656e+00
1.601294279098510742e+00 2.047089576721191406e+00
1.586845874786376953e+00 1.499273657798767090e+00
2.704566717147827148e+00 2.063543796539306641e+00
2.218611955642700195e+00 2.329375267028808594e+00
3.106642961502075195e+00 2.589607477188110352e+00
2.633105754852294922e+00 2.320288896560668945e+00
2.788797616958618164e+00 2.684038400650024414e+00
2.242947578430175781e+00 2.329587936401367188e+00
2.214763641357421875e+00 1.949494123458862305e+00
1.820323467254638672e+00 1.813349008560180664e+00
1.913573503494262695e+00 2.724492549896240234e+00
2.523149013519287109e+00 2.377329349517822266e+00
