6.395069122314453125e+00 8.540253639221191406e+00
2.882359743118286133e+00 5.152204513549804688e+00
4.116168498992919922e+00 4.698644161224365234e+00
2.692435503005981445e+00 3.818845272064208984e+00
3.667337179183959961e+00 4.020182132720947266e+00
3.830553054809570312e+00 4.575587272644042969e+00
3.924663782119750977e+00 6.076950073242187500e+00
4.167630195617675781e+00 4.593077659606933594e+00
4.184266090393066406e+00 4.724393367767333984e+00
4.207433223724365234e+00 4.826695919036865234e+00
2.578125715255737305e+00 4.662127017974853516e+00
4.110054016113281250e+00 4.679437160491943359e+00
4.113102436065673828e+00 4.631830692291259766e+00
3.957507133483886719e+00 5.216177463531494141e+00
2.494077920913696289e+00 5.006833076477050781e+00
4.190383434295654297e+00 4.815389156341552734e+00
4.110054016113281250e+00 4.679437160491943359e+00
4.341307163238525391e+00 4.677939891815185547e+00
4.195510864257812500e+00 4.843699932098388672e+00
7.373474597930908203e+00 5.735941410064697266e+00
4.163705348968505859e+00 4.661169052124023438e+00
2.487691640853881836e+00 4.996452808380126953e+00
4.164414882659912109e+00 4.815680027008056641e+00
4.580721378326416016e+00 5.298552036285400391e+00
3.106001853942871094e+00 4.200042247772216797e+00
4.115530490875244141e+00 4.702091693878173828e+00
3.495199441909790039e+00 4.515652179718017578e+00
4.146787166595458984e+00 4.785241603851318359e+00
2.487691640853881836e+00 4.996452808380126953e+00
4.129534244537353516e+00 4.768861770629882812e+00
4.120764255523681641e+00 4.726248264312744141e+00
7.198013305664062500e+00 6.962511062622070312e+00
4.046119213104248047e+00 4.360270023345947266e+00
4.130386352539062500e+00 4.755651950836181641e+00
4.163737773895263672e+00 4.779835224151611328e+00
4.141865730285644531e+00 4.828109741210937500e+00
4.502969264984130859e+00 7.080414295196533203e+00
5.103977203369140625e+00 9.256243705749511719e+00
9.915512204170227051e-01 2.773436069488525391e+00
3.412993669509887695e+00 2.114122629165649414e+00
7.483672499656677246e-01 9.366677284240722656e+00
6.778617382049560547e+00 6.590395450592041016e+00
7.353452682495117188e+00 2.301673650741577148e+00
1.929559111595153809e-01 5.607392787933349609e+00
1.127664566040039062e+00 3.339562892913818359e+00
2.466943025588989258e+00 7.760572433471679688e+00
5.555625438690185547e+00 6.735253810882568359e+00
6.262893080711364746e-01 3.496671199798583984e+00
5.687310695648193359e+00 6.082764148712158203e+00
1.519572019577026367e+00 3.657387733459472656e+00
7.630698680877685547e-01 3.178866386413574219e+00
1.642229795455932617e+00 3.996068954467773438e+00
2.996306657791137695e+00 4.409687519073486328e+00
1.481616973876953125e+00 3.965127468109130859e+00
2.280630826950073242e+00 4.473963260650634766e+00
1.829073429107666016e+00 3.837063789367675781e+00
2.611928462982177734e+00 4.599146366119384766e+00
2.655728340148925781e+00 4.158627033233642578e+00
2.126489639282226562e+00 3.763076305389404297e+00
2.588310956954956055e+00 4.587450504302978516e+00
1.884666681289672852e+00 7.193057060241699219e+00
1.936189174652099609e+00 4.246494770050048828e+00
2.637973785400390625e+00 4.604069709777832031e+00
2.658102512359619141e+00 4.618422031402587891e+00
2.037360191345214844e+00 4.160998821258544922e+00
2.612993478775024414e+00 4.602536678314208984e+00
2.559248924255371094e+00 4.566870212554931641e+00
1.144101381301879883e+00 3.124447822570800781e+00
0.000000000000000000e+00 8.496214151382446289e-01
0.000000000000000000e+00 5.882580280303955078e-01
1.319356679916381836e+00 2.991547107696533203e+00
1.431341648101806641e+00 3.369859218597412109e+00
1.144219636917114258e+00 3.124755382537841797e+00
1.647152900695800781e+00 7.050003528594970703e+00
1.814440250396728516e+00 7.136259555816650391e+00
1.168421745300292969e+00 3.073093175888061523e+00
0.000000000000000000e+00 0.000000000000000000e+00
4.551498413085937500e+00 1.638988614082336426e+00
4.624926090240478516e+00 2.014569997787475586e+00
4.085811614990234375e+00 1.894411325454711914e+00
1.294211387634277344e+00 8.591538667678833008e-01
5.099106311798095703e+00 8.404315948486328125e+00
9.074867367744445801e-01 6.507720947265625000e-01
1.417747020721435547e+00 1.108979105949401855e+00
9.400869607925415039e-01 6.438647508621215820e-01
1.157989025115966797e+00 1.126622438430786133e+00
0.000000000000000000e+00 7.048844814300537109e+00
5.480668544769287109e-01 4.061140537261962891e+00
1.361501812934875488e-01 8.216248512268066406e+00
7.017133235931396484e-01 4.217900753021240234e+00
0.000000000000000000e+00 4.970863342285156250e+00
0.000000000000000000e+00 4.413530826568603516e+00
7.453678846359252930e-01 7.045377254486083984e+00
0.000000000000000000e+00 3.391852378845214844e+00
4.469840526580810547e-01 5.853662967681884766e+00
7.249139547348022461e-01 4.147165298461914062e+00
6.550614237785339355e-01 4.090335369110107422e+00
6.614082455635070801e-01 4.117751598358154297e+00
6.426154971122741699e-01 7.399304389953613281e+00
3.298876881599426270e-01 4.123763561248779297e+00
6.622368097305297852e-01 4.125750064849853516e+00
7.547826766967773438e-01 6.024219989776611328e+00
7.313507199287414551e-01 4.187802791595458984e+00
7.419686913490295410e-01 5.150251388549804688e+00
7.063537240028381348e-01 4.203287601470947266e+00
6.615923643112182617e-01 4.079192638397216797e+00
5.656584501266479492e-01 4.333835124969482422e+00
6.643681526184082031e-01 4.333356380462646484e+00
5.111906528472900391e-01 4.243669033050537109e+00
6.432740092277526855e-01 4.299725055694580078e+00
4.730567932128906250e-01 4.300854682922363281e+00
6.306444406509399414e-01 4.094546318054199219e+00
0.000000000000000000e+00 3.413989543914794922e+00
2.538684606552124023e-01 4.078979969024658203e+00
6.122723817825317383e-01 4.206468582153320312e+00
4.572902917861938477e-01 4.193434238433837891e+00
4.511832237243652344e+00 5.985352516174316406e+00
0.000000000000000000e+00 3.413989543914794922e+00
4.984831809997558594e+00 6.418656826019287109e+00
2.186775922775268555e+00 1.087608814239501953e+00
3.110637187957763672e+00 4.192829132080078125e+00
3.107384204864501953e+00 4.290162563323974609e+00
3.104185342788696289e+00 4.203783988952636719e+00
2.974823236465454102e+00 3.984307289123535156e+00
5.988243579864501953e+00 5.441674709320068359e+00
6.177181243896484375e+00 5.144549846649169922e+00
6.024376749992370605e-01 2.942610740661621094e+00
2.738860130310058594e+00 1.905495166778564453e+00
2.643355369567871094e+00 2.192556858062744141e+00
3.054090976715087891e+00 1.684540271759033203e+00
3.137943506240844727e+00 6.021910190582275391e+00
5.205394268035888672e+00 8.159693479537963867e-01
3.577418327331542969e+00 6.816997528076171875e+00
8.010000228881835938e+00 3.816544532775878906e+00
2.245962858200073242e+00 0.000000000000000000e+00
4.697379767894744873e-01 2.535838603973388672e+00
8.417945504188537598e-01 2.487423419952392578e+00
3.359207391738891602e+00 3.828038215637207031e+00
1.927965879440307617e+00 2.782973289489746094e+00
5.676620006561279297e+00 4.190555572509765625e+00
0.000000000000000000e+00 2.782644510269165039e+00
8.935273885726928711e-01 6.779497623443603516e+00
0.000000000000000000e+00 3.138835906982421875e+00
1.415869593620300293e-02 3.405636310577392578e+00
0.000000000000000000e+00 3.391172409057617188e+00
8.258718252182006836e-02 3.432186603546142578e+00
7.949316501617431641e-02 3.440842628479003906e+00
9.114900231361389160e-02 3.435425758361816406e+00
1.114957928657531738e-01 3.438096046447753906e+00
0.000000000000000000e+00 3.138536453247070312e+00
9.405851364135742188e-02 3.438117027282714844e+00
2.914577722549438477e-03 3.385374784469604492e+00
1.172155737876892090e-01 3.407450437545776367e+00
3.591144084930419922e-02 3.420492172241210938e+00
6.953784942626953125e+00 4.836176395416259766e+00
5.044993400573730469e+00 7.447762966156005859e+00
5.410452842712402344e+00 4.733911037445068359e+00
6.479378223419189453e+00 2.884581089019775391e+00
4.705785751342773438e+00 4.440201282501220703e+00
3.854474782943725586e+00 7.632772922515869141e+00
5.870178699493408203e+00 4.099753856658935547e+00
6.438374996185302734e+00 2.020607948303222656e+00
5.517885684967041016e+00 5.315807819366455078e+00
5.672335147857666016e+00 4.197218418121337891e+00
5.337194919586181641e+00 3.105437278747558594e+00
6.858382225036621094e+00 3.583973884582519531e+00
6.381445884704589844e+00 4.254289627075195312e+00
5.607876300811767578e+00 4.099315166473388672e+00
5.686995029449462891e+00 4.175408840179443359e+00
5.127474784851074219e+00 4.077279090881347656e+00
5.630195140838623047e+00 4.190161228179931641e+00
5.645378112792968750e+00 4.160879135131835938e+00
6.017657279968261719e+00 3.349321365356445312e+00
5.652504920959472656e+00 4.129408359527587891e+00
5.669144630432128906e+00 4.167978286743164062e+00
5.664632797241210938e+00 4.127574920654296875e+00
6.122764587402343750e+00 4.464608669281005859e+00
5.686583518981933594e+00 4.171753406524658203e+00
5.825165271759033203e+00 4.177623271942138672e+00
5.671710968017578125e+00 4.180763244628906250e+00
5.645702362060546875e+00 4.196925163269042969e+00
5.629445075988769531e+00 4.227411746978759766e+00
5.678705692291259766e+00 4.182522296905517578e+00
5.629580974578857422e+00 4.105836868286132812e+00
5.669555187225341797e+00 4.116712093353271484e+00
5.410452842712402344e+00 4.733911037445068359e+00
5.534849643707275391e+00 3.736929655075073242e+00
5.636382102966308594e+00 4.137439250946044922e+00
5.758939743041992188e+00 4.154112815856933594e+00
5.753525733947753906e+00 4.181956768035888672e+00
5.666056632995605469e+00 4.203813076019287109e+00
6.381444931030273438e+00 4.254289150238037109e+00
3.144395112991333008e+00 8.590464591979980469e+00
4.270122945308685303e-01 7.797585725784301758e-01
1.499475240707397461e+00 2.001568555831909180e+00
1.466421127319335938e+00 6.225929260253906250e+00
1.593162059783935547e+00 2.057076692581176758e+00
1.501743316650390625e+00 2.006144523620605469e+00
1.485836267471313477e+00 1.970678806304931641e+00
1.631277561187744141e+00 1.979459285736083984e+00
3.651836156845092773e+00 1.557993412017822266e+00
1.772340536117553711e+00 5.251602172851562500e+00
2.011512756347656250e+00 5.950389862060546875e+00
4.063801765441894531e+00 1.173969507217407227e+00
4.558879375457763672e+00 1.297326564788818359e+00
4.567988395690917969e+00 1.304959893226623535e+00
4.561860561370849609e+00 1.310630798339843750e+00
4.555262565612792969e+00 1.286758899688720703e+00
4.566101074218750000e+00 1.296171307563781738e+00
3.844680309295654297e+00 2.026109457015991211e+00
2.518446207046508789e+00 1.587076187133789062e+00
2.124399900436401367e+00 1.528171062469482422e+00
2.607621431350708008e+00 1.352231621742248535e+00
9.886229634284973145e-01 2.765120506286621094e+00
1.654877066612243652e-01 0.000000000000000000e+00
2.264136314392089844e+00 1.355704545974731445e+00
3.380978822708129883e+00 2.466178655624389648e+00
1.231014490127563477e+00 1.357049703598022461e+00
2.273688077926635742e+00 1.352294445037841797e+00
2.167582273483276367e+00 1.074015498161315918e+00
1.488886773586273193e-01 0.000000000000000000e+00
6.303770542144775391e+00 8.042762279510498047e-01
3.707211494445800781e+00 2.647982120513916016e+00
1.389207839965820312e+00 4.132518768310546875e-01
2.437605857849121094e+00 1.152919054031372070e+00
2.358865022659301758e+00 1.239303946495056152e+00
2.169718265533447266e+00 1.074410438537597656e+00
2.168725728988647461e+00 1.072780609130859375e+00
4.567716598510742188e+00 3.342299222946166992e+00
2.831334829330444336e+00 8.650082349777221680e-01
3.130771636962890625e+00 1.879490852355957031e+00
3.365483522415161133e+00 1.786366701126098633e+00
1.556539535522460938e+00 1.723280668258666992e+00
4.271504878997802734e+00 3.629503250122070312e+00
1.777451753616333008e+00 2.563478231430053711e+00
2.391346216201782227e+00 2.375303745269775391e+00
0.000000000000000000e+00 1.283273220062255859e+00
3.793494701385498047e+00 3.305956840515136719e+00
4.192599773406982422e+00 2.937105417251586914e+00
4.422516822814941406e+00 3.333849668502807617e+00
3.247838020324707031e+00 7.785624265670776367e-01
2.942956686019897461e+00 8.993405848741531372e-02
3.023807764053344727e+00 4.936490952968597412e-01
1.907873153686523438e+00 4.709138393402099609e+00
1.105546712875366211e+00 4.655281543731689453e+00
1.921267032623291016e+00 4.647065639495849609e+00
1.522818326950073242e+00 4.402877330780029297e+00
1.907824754714965820e+00 4.709517002105712891e+00
2.495344638824462891e+00 5.553848743438720703e+00
1.287049770355224609e+00 4.623734951019287109e+00
1.193907499313354492e+00 4.226532936096191406e+00
1.182863473892211914e+00 5.435334682464599609e+00
1.105620384216308594e+00 4.675260066986083984e+00
1.285899162292480469e+00 4.600145816802978516e+00
1.271521568298339844e+00 4.600857257843017578e+00
1.464519739151000977e+00 4.928000926971435547e+00
2.667399406433105469e+00 1.160823225975036621e+00
2.940619230270385742e+00 6.426842212677001953e+00
3.382380962371826172e+00 1.576163411140441895e+00
2.193556308746337891e+00 2.258726358413696289e+00
9.989830851554870605e-01 2.756971359252929688e+00
1.526089429855346680e+00 2.835229396820068359e+00
1.525095224380493164e+00 2.824703216552734375e+00
1.517245292663574219e+00 2.842013835906982422e+00
1.517979860305786133e+00 2.841951370239257812e+00
1.525358915328979492e+00 2.826690673828125000e+00
1.746844768524169922e+00 1.523694276809692383e+00
4.441121578216552734e+00 2.856801748275756836e+00
3.743947744369506836e+00 2.627940654754638672e+00
1.886624813079833984e+00 1.288299083709716797e+00
1.939619064331054688e+00 1.287358045578002930e+00
1.685893774032592773e+00 7.593904495239257812e+00
0.000000000000000000e+00 1.282984018325805664e+00
3.223897933959960938e+00 3.715986013412475586e+00
2.860247135162353516e+00 3.739082336425781250e+00
2.969482660293579102e+00 3.527029752731323242e+00
2.986839771270751953e+00 3.508028984069824219e+00
2.939103126525878906e+00 3.569770336151123047e+00
2.975308895111083984e+00 3.519129276275634766e+00
2.371935129165649414e+00 2.316190719604492188e+00
0.000000000000000000e+00 0.000000000000000000e+00
0.000000000000000000e+00 1.284309267997741699e+00
0.000000000000000000e+00 1.284365296363830566e+00
0.000000000000000000e+00 1.283750176429748535e+00
0.000000000000000000e+00 1.290825843811035156e+00
0.000000000000000000e+00 1.283643484115600586e+00
3.107711672782897949e-03 1.280006408691406250e+00
3.758103609085083008e+00 7.551929950714111328e+00
6.278678774833679199e-01 1.430050253868103027e+00
0.000000000000000000e+00 1.953207850456237793e+00
1.037874341011047363e+00 1.716236472129821777e+00
2.180153131484985352e+00 2.268244028091430664e+00
2.240318059921264648e+00 2.250730514526367188e+00
2.437918663024902344e+00 2.406659603118896484e+00
2.395282506942749023e+00 3.645330905914306641e+00
1.685597896575927734e+00 3.116043567657470703e+00
2.160596609115600586e+00 2.285091400146484375e+00
2.016403913497924805e+00 6.826191425323486328e+00
2.219299316406250000e+00 2.260066270828247070e+00
2.287617474794387817e-01 5.092542171478271484e-01
2.302596271038055420e-01 5.085237026214599609e-01
2.272617965936660767e-01 5.074648857116699219e-01
1.829663515090942383e+00 6.538604259490966797e+00
3.298233747482299805e-01 5.417103767395019531e-01
4.300124645233154297e+00 2.428242444992065430e+00
3.394942760467529297e+00 2.087825775146484375e+00
4.474175930023193359e+00 7.683024406433105469e-01
3.409871339797973633e+00 2.117274045944213867e+00
3.470674276351928711e+00 2.135423898696899414e+00
3.472690820693969727e+00 2.352311611175537109e+00
3.438283443450927734e+00 2.158951759338378906e+00
1.016416072845458984e+00 0.000000000000000000e+00
1.865399777889251709e-01 0.000000000000000000e+00
1.592347174882888794e-01 0.000000000000000000e+00
1.726344078779220581e-01 0.000000000000000000e+00
4.356478214263916016e+00 0.000000000000000000e+00
1.679571121931076050e-01 0.000000000000000000e+00
2.027245163917541504e-01 0.000000000000000000e+00
1.478407979011535645e-01 0.000000000000000000e+00
5.959482192993164062e-01 0.000000000000000000e+00
1.642635822296142578e+00 2.611272811889648438e+00
2.037655353546142578e+00 1.632246971130371094e+00
3.631683349609375000e+00 1.105202659964561462e-01
2.037765502929687500e+00 1.632201910018920898e+00
3.894185066223144531e+00 3.513295948505401611e-01
6.060920953750610352e-01 2.949487209320068359e+00
8.549519181251525879e-01 2.890264511108398438e+00
5.872597694396972656e-01 2.906363487243652344e+00
6.205714941024780273e-01 2.977757453918457031e+00
2.837041139602661133e+00 2.476304769515991211e+00
1.906956434249877930e+00 5.209203958511352539e-01
2.088394641876220703e+00 2.215113639831542969e+00
9.485452771186828613e-01 2.734477996826171875e+00
9.903127551078796387e-01 2.770098686218261719e+00
1.139619827270507812e+00 2.565208196640014648e+00
9.991624951362609863e-01 2.751345872879028320e+00
9.897243976593017578e-01 2.768187046051025391e+00
3.433455228805541992e+00 1.090365409851074219e+00
3.444933652877807617e+00 1.091301321983337402e+00
5.172565460205078125e+00 1.699871897697448730e+00
3.740373849868774414e+00 2.629749298095703125e+00
2.029401779174804688e+00 2.458713054656982422e+00
2.288229465484619141e+00 2.448302507400512695e+00
2.486979961395263672e+00 2.421669006347656250e+00
5.789890885353088379e-01 2.058105707168579102e+00
3.320930242538452148e+00 6.994459629058837891e+00
3.459722757339477539e+00 2.698590755462646484e+00
3.719120979309082031e+00 2.639758348464965820e+00
4.055841922760009766e+00 2.645762205123901367e+00
3.738423109054565430e+00 2.630081176757812500e+00
3.671882867813110352e+00 2.615512371063232422e+00
3.799751043319702148e+00 2.650991916656494141e+00
4.186105728149414062e+00 3.912734270095825195e+00
3.617329835891723633e+00 2.533757925033569336e+00
1.183003425598144531e+00 1.962040901184082031e+00
2.026430130004882812e+00 6.861354351043701172e+00
2.825753211975097656e+00 2.453433513641357422e+00
1.648970842361450195e+00 2.619553565979003906e+00
5.791549086570739746e-01 5.967450141906738281e-01
2.563256025314331055e+00 4.779187738895416260e-01
2.471188545227050781e+00 8.496398925781250000e-01
4.387069225311279297e+00 2.296655654907226562e+00
2.543964147567749023e+00 8.141362667083740234e-01
1.897065639495849609e+00 1.805768728256225586e+00
1.687405824661254883e+00 3.114584445953369141e+00
4.108920574188232422e+00 5.336579084396362305e-01
2.013273239135742188e+00 6.726874351501464844e+00
1.958700895309448242e+00 6.702845573425292969e+00
8.752450942993164062e-01 1.260727286338806152e+00
1.325946807861328125e+00 1.597386717796325684e+00
1.904105186462402344e+00 2.243108987808227539e+00
3.052285432815551758e+00 2.541043281555175781e+00
3.113055944442749023e+00 2.886045932769775391e+00
3.244390487670898438e+00 2.601972818374633789e+00
3.807711303234100342e-01 1.561021327972412109e+00
3.200671434402465820e+00 2.586682319641113281e+00
2.021663904190063477e+00 6.721310138702392578e+00
1.638554096221923828e+00 2.605988502502441406e+00
1.196069240570068359e+00 2.213978767395019531e-01
1.198927164077758789e+00 2.216261923313140869e-01
4.120174407958984375e+00 5.274366140365600586e-01
4.123709678649902344e+00 5.245718955993652344e-01
5.327880859375000000e+00 2.482579469680786133e+00
1.687629461288452148e+00 3.113946914672851562e+00
1.956830978393554688e+00 6.910330295562744141e+00
1.768294811248779297e+00 1.940302848815917969e+00
1.768294811248779297e+00 1.940302848815917969e+00
1.529181241989135742e+00 1.323429584503173828e+00
1.350078105926513672e+00 2.489338636398315430e+00
1.532681226730346680e+00 1.319204688072204590e+00
2.355214595794677734e+00 2.598166465759277344e+00
2.367564916610717773e+00 2.385936260223388672e+00
3.099839925765991211e+00 2.156071424484252930e+00
2.350931882858276367e+00 2.269517898559570312e+00
1.628911733627319336e+00 1.683301448822021484e+00
1.767182588577270508e+00 1.939778089523315430e+00
3.053565025329589844e+00 2.313038349151611328e+00
2.753259897232055664e+00 2.282376289367675781e+00
2.850054502487182617e+00 2.489353179931640625e+00
2.635678052902221680e+00 2.436340808868408203e+00
3.343239307403564453e+00 3.831999778747558594e+00
2.797017335891723633e+00 2.727495193481445312e+00
2.278491973876953125e+00 2.283860683441162109e+00
2.326181650161743164e+00 2.369569778442382812e+00
5.901089906692504883e-01 5.994812250137329102e-01
2.526286125183105469e+00 2.390903949737548828e+00
2.465402841567993164e+00 2.405130147933959961e+00
7.440299987792968750e-01 9.399869441986083984e-01
2.425238847732543945e+00 2.355701923370361328e+00
2.368760347366333008e+00 2.238437175750732422e+00
2.351661682128906250e+00 2.268162250518798828e+00
2.227028131484985352e+00 2.607393741607666016e+00
2.004208564758300781e+00 3.321130514144897461e+00
2.353191852569580078e+00 3.132229804992675781e+00
2.535455703735351562e+00 3.307052612304687500e+00
1.514256000518798828e+00 2.272406339645385742e+00
2.165882110595703125e+00 6.082116365432739258e-01
2.362126827239990234e+00 2.404834747314453125e+00
2.242634773254394531e+00 2.815374374389648438e+00
1.994768857955932617e+00 6.870457172393798828e+00
5.898333787918090820e-01 6.011015176773071289e-01
1.928559780120849609e+00 2.292871475219726562e+00
2.171511411666870117e+00 2.277055501937866211e+00
4.741201400756835938e+00 2.744923830032348633e+00
2.552297115325927734e+00 2.409548997879028320e+00
1.687595844268798828e+00 3.114655494689941406e+00
2.273751258850097656e+00 2.324784755706787109e+00
5.682039856910705566e-01 5.831176042556762695e-01
2.982872009277343750e+00 3.005035400390625000e+00
2.982969760894775391e+00 3.005041599273681641e+00
1.591505289077758789e+00 1.698346376419067383e+00
4.401384830474853516e+00 2.885775327682495117e+00
5.685818195343017578e-01 5.836240053176879883e-01
1.894241094589233398e+00 3.516614675521850586e+00
2.650975704193115234e+00 2.416472434997558594e+00
9.604053497314453125e-01 2.074124574661254883e+00
1.952030658721923828e+00 1.702315449714660645e+00
2.679102897644042969e+00 2.989587545394897461e+00
2.076875448226928711e+00 6.777956008911132812e+00
1.824158906936645508e+00 2.875657796859741211e+00
1.811493396759033203e+00 1.315905809402465820e+00
2.247947692871093750e+00 2.008222579956054688e+00
1.781670331954956055e+00 1.035580396652221680e+00
1.892952680587768555e+00 1.811218976974487305e+00
3.359894514083862305e+00 3.826785564422607422e+00
3.368799924850463867e+00 3.459565639495849609e+00
3.358551979064941406e+00 3.828997850418090820e+00
1.529355049133300781e+00 1.324676513671875000e+00
1.586775302886962891e+00 1.642843484878540039e+00
4.444468975067138672e+00 2.854620456695556641e+00
2.242089986801147461e+00 2.277172803878784180e+00
2.130911827087402344e+00 2.225840091705322266e+00
1.963104486465454102e+00 6.682818412780761719e+00
2.278649568557739258e+00 2.227033615112304688e+00
3.380990743637084961e+00 2.466177463531494141e+00
1.964035987854003906e+00 6.692771911621093750e+00
5.762412548065185547e-01 5.798794031143188477e-01
2.179124116897583008e+00 2.237051963806152344e+00
1.175238847732543945e+00 2.177734851837158203e+00
2.048274517059326172e+00 6.765774250030517578e+00
2.612931251525878906e+00 1.850986361503601074e+00
2.401770830154418945e+00 1.931887388229370117e+00
2.797016859054565430e+00 2.727490663528442383e+00
1.721310615539550781e+00 6.844889163970947266e+00
2.244976520538330078e+00 2.012330055236816406e+00
4.434519290924072266e+00 2.858227252960205078e+00
1.517233133316040039e+00 2.301211833953857422e+00
1.743379354476928711e+00 1.027757287025451660e+00
2.213307857513427734e+00 2.308071136474609375e+00
1.316552877426147461e+00 1.595595598220825195e+00
1.325805664062500000e+00 1.597022175788879395e+00
1.619625329971313477e+00 1.684835910797119141e+00
3.739794731140136719e+00 6.898031234741210938e-01
1.785908222198486328e+00 6.913807392120361328e+00
1.159993648529052734e+00 7.456856250762939453e+00
2.525168657302856445e+00 2.483316421508789062e+00
2.184105634689331055e+00 2.318243741989135742e+00
2.354886531829833984e+00 2.286671161651611328e+00
1.569298505783081055e+00 1.692508935928344727e+00
1.556858062744140625e+00 1.722311735153198242e+00
2.218618154525756836e+00 2.246704101562500000e+00
2.243049621582031250e+00 2.684498786926269531e+00
2.060353755950927734e+00 6.823675632476806641e+00
2.559330701828002930e+00 6.758829593658447266e+00
3.297349214553833008e+00 7.128314971923828125e+00
2.046833753585815430e+00 6.794796943664550781e+00
1.115988254547119141e+00 4.242721498012542725e-01
1.135966300964355469e+00 4.517896771430969238e-01
1.831666469573974609e+00 2.898132324218750000e+00
2.341096401214599609e+00 2.369704246520996094e+00
2.679126024246215820e+00 2.989608764648437500e+00
4.433963298797607422e+00 2.857450485229492188e+00
1.566132783889770508e+00 1.715369224548339844e+00
3.941480159759521484e+00 3.780709266662597656e+00
1.580639600753784180e+00 2.322580337524414062e+00
2.207532167434692383e+00 2.313682556152343750e+00
2.487851142883300781e+00 2.376401424407958984e+00
2.673806190490722656e+00 2.506571769714355469e+00
1.631167411804199219e+00 1.685115337371826172e+00
2.383686304092407227e+00 2.249766349792480469e+00
