6.947633743286132812e+00 0.000000000000000000e+00
3.142456769943237305e+00 0.000000000000000000e+00
6.354504585266113281e+00 0.000000000000000000e+00
3.291328430175781250e+00 0.000000000000000000e+00
1.979292750358581543e+00 0.000000000000000000e+00
4.954614639282226562e+00 0.000000000000000000e+00
4.053018569946289062e+00 0.000000000000000000e+00
2.687036752700805664e+00 0.000000000000000000e+00
2.620189666748046875e+00 0.000000000000000000e+00
4.267990112304687500e+00 0.000000000000000000e+00
2.646393060684204102e+00 0.000000000000000000e+00
3.565065145492553711e+00 0.000000000000000000e+00
1.919126629829406738e+00 0.000000000000000000e+00
2.444075822830200195e+00 0.000000000000000000e+00
1.764218449592590332e+00 0.000000000000000000e+00
2.453747749328613281e+00 0.000000000000000000e+00
2.119684696197509766e+00 0.000000000000000000e+00
2.299006462097167969e+00 0.000000000000000000e+00
2.363526344299316406e+00 0.000000000000000000e+00
3.003784179687500000e+00 0.000000000000000000e+00
2.680043697357177734e+00 0.000000000000000000e+00
1.875977158546447754e+00 0.000000000000000000e+00
1.986297726631164551e+00 0.000000000000000000e+00
1.936538338661193848e+00 0.000000000000000000e+00
2.164265871047973633e+00 0.000000000000000000e+00
2.985394954681396484e+00 0.000000000000000000e+00
1.642292618751525879e+00 0.000000000000000000e+00
1.323822855949401855e+00 0.000000000000000000e+00
1.267561793327331543e+00 0.000000000000000000e+00
1.299482822418212891e+00 0.000000000000000000e+00
3.827061414718627930e+00 0.000000000000000000e+00
1.278243184089660645e+00 0.000000000000000000e+00
1.823708415031433105e+00 0.000000000000000000e+00
3.246772050857543945e+00 0.000000000000000000e+00
6.252216696739196777e-01 0.000000000000000000e+00
1.160491824150085449e+00 0.000000000000000000e+00
9.265987277030944824e-01 0.000000000000000000e+00
8.300608992576599121e-01 0.000000000000000000e+00
6.906659007072448730e-01 0.000000000000000000e+00
1.023747801780700684e+00 0.000000000000000000e+00
7.218676805496215820e-01 0.000000000000000000e+00
7.113779187202453613e-01 0.000000000000000000e+00
5.690491199493408203e-01 0.000000000000000000e+00
2.438741207122802734e+00 0.000000000000000000e+00
1.811004519462585449e+00 0.000000000000000000e+00
1.006630063056945801e+00 0.000000000000000000e+00
7.732582092285156250e-01 0.000000000000000000e+00
3.962339758872985840e-01 0.000000000000000000e+00
1.119113326072692871e+00 0.000000000000000000e+00
8.551040887832641602e-01 0.000000000000000000e+00
1.365964770317077637e+00 0.000000000000000000e+00
1.505501985549926758e+00 0.000000000000000000e+00
2.446416139602661133e+00 0.000000000000000000e+00
1.233117938041687012e+00 0.000000000000000000e+00
3.737927198410034180e+00 0.000000000000000000e+00
1.216673493385314941e+00 0.000000000000000000e+00
1.166903853416442871e+00 0.000000000000000000e+00
1.006775140762329102e+00 0.000000000000000000e+00
1.325968801975250244e-01 0.000000000000000000e+00
6.387958526611328125e-01 0.000000000000000000e+00
0.000000000000000000e+00 0.000000000000000000e+00
1.118972659111022949e+00 0.000000000000000000e+00
0.000000000000000000e+00 0.000000000000000000e+00
4.676631838083267212e-02 0.000000000000000000e+00
0.000000000000000000e+00 0.000000000000000000e+00
0.000000000000000000e+00 0.000000000000000000e+00
9.281112998723983765e-02 0.000000000000000000e+00
9.281112998723983765e-02 0.000000000000000000e+00
1.971619725227355957e+00 0.000000000000000000e+00
1.778992533683776855e+00 0.000000000000000000e+00
3.518729209899902344e-01 0.000000000000000000e+00
7.815750837326049805e-01 0.000000000000000000e+00
1.123142838478088379e+00 0.000000000000000000e+00
4.995992779731750488e-01 0.000000000000000000e+00
1.188917279243469238e+00 0.000000000000000000e+00
9.077861905097961426e-01 0.000000000000000000e+00
2.859240472316741943e-01 0.000000000000000000e+00
2.192581295967102051e-01 0.000000000000000000e+00
9.089910984039306641e-01 0.000000000000000000e+00
2.954137325286865234e-01 0.000000000000000000e+00
0.000000000000000000e+00 0.000000000000000000e+00
4.835068583488464355e-01 0.000000000000000000e+00
5.034878253936767578e-01 0.000000000000000000e+00
5.487038493156433105e-01 0.000000000000000000e+00
4.638609290122985840e-01 0.000000000000000000e+00
4.448950290679931641e-01 0.000000000000000000e+00
7.970814704895019531e-01 0.000000000000000000e+00
0.000000000000000000e+00 0.000000000000000000e+00
8.016642332077026367e-01 0.000000000000000000e+00
8.596882224082946777e-01 0.000000000000000000e+00
8.299422860145568848e-01 0.000000000000000000e+00
9.170151352882385254e-01 0.000000000000000000e+00
4.246407151222229004e-01 0.000000000000000000e+00
3.393816649913787842e-01 0.000000000000000000e+00
1.508467644453048706e-02 0.000000000000000000e+00
0.000000000000000000e+00 0.000000000000000000e+00
3.475338220596313477e-01 0.000000000000000000e+00
1.926588714122772217e-01 0.000000000000000000e+00
7.705520391464233398e-01 0.000000000000000000e+00
4.717960357666015625e-01 0.000000000000000000e+00
