1.109700202941894531e+01 1.224081134796142578e+01
2.188490390777587891e+00 6.675065040588378906e+00
7.990984439849853516e+00 1.352705574035644531e+01
5.127305507659912109e+00 9.492263793945312500e+00
2.606305122375488281e+00 6.313168048858642578e+00
2.951508760452270508e+00 6.987380027770996094e+00
5.991777181625366211e-01 2.490078926086425781e+00
1.019488573074340820e-01 3.176297903060913086e+00
6.335516571998596191e-01 2.302651643753051758e+00
2.285046577453613281e+00 7.162487030029296875e+00
4.601982116699218750e+00 8.596291542053222656e+00
1.049914598464965820e+00 3.949166774749755859e+00
2.536010503768920898e+00 6.178035259246826172e+00
1.541569232940673828e+00 3.622498035430908203e+00
1.917584896087646484e+00 4.945108890533447266e+00
6.145715713500976562e-01 3.274957895278930664e+00
8.197131752967834473e-01 3.526224851608276367e+00
3.544123172760009766e-01 3.932906627655029297e+00
3.302159070968627930e+00 6.573122024536132812e+00
1.467508792877197266e+00 4.922305107116699219e+00
1.230127334594726562e+00 3.806157112121582031e+00
1.278561830520629883e+00 5.034036636352539062e+00
1.394099950790405273e+00 4.396643161773681641e+00
9.767650961875915527e-01 4.123636722564697266e+00
1.285563707351684570e+00 4.441955566406250000e+00
5.992962837219238281e+00 5.853202342987060547e+00
3.887061119079589844e+00 2.561500787734985352e+00
4.338345050811767578e+00 4.394507884979248047e+00
1.981704473495483398e+00 0.000000000000000000e+00
3.905854463577270508e+00 4.059024333953857422e+00
6.180027961730957031e+00 6.177711486816406250e+00
2.714972257614135742e+00 1.905002713203430176e+00
4.423382759094238281e+00 2.942424058914184570e+00
6.100634098052978516e+00 9.132260322570800781e+00
3.307138204574584961e+00 4.463291645050048828e+00
3.176421403884887695e+00 4.251268863677978516e+00
2.403709650039672852e+00 1.974575281143188477e+00
3.491831541061401367e+00 4.547087192535400391e+00
3.678293943405151367e+00 4.552485466003417969e+00
2.566043138504028320e+00 3.628118515014648438e+00
4.417179584503173828e+00 5.286438941955566406e+00
2.400192260742187500e+00 3.270269155502319336e+00
2.303186178207397461e+00 3.272109031677246094e+00
3.843992233276367188e+00 4.752261161804199219e+00
3.275479793548583984e+00 4.032598495483398438e+00
5.012110710144042969e+00 3.948527812957763672e+00
3.529509782791137695e+00 2.628959894180297852e+00
1.568149328231811523e+00 1.280613660812377930e+00
3.540362596511840820e+00 2.275752305984497070e+00
1.577304840087890625e+00 8.621437549591064453e-01
1.353636741638183594e+00 0.000000000000000000e+00
1.357701301574707031e+00 2.312585353851318359e+00
1.262982845306396484e+00 1.641450047492980957e+00
3.462472677230834961e+00 1.421861529350280762e+00
3.177955389022827148e+00 1.919136047363281250e+00
5.890300273895263672e+00 5.322336673736572266e+00
3.299521923065185547e+00 5.715653419494628906e+00
9.080449342727661133e-01 2.994115650653839111e-01
1.030241727828979492e+00 7.085704207420349121e-01
2.215104579925537109e+00 2.231688976287841797e+00
1.796475887298583984e+00 1.774893045425415039e+00
1.889316082000732422e+00 0.000000000000000000e+00
1.657354593276977539e+00 1.076242089271545410e+00
2.694466114044189453e+00 1.281473994255065918e+00
2.666869878768920898e+00 3.499446213245391846e-01
2.666869878768920898e+00 3.499446213245391846e-01
1.436015844345092773e+00 5.105299949645996094e-01
4.755313396453857422e+00 4.784875392913818359e+00
3.623208999633789062e+00 3.370640039443969727e+00
1.688563108444213867e+00 1.383050680160522461e+00
1.938322782516479492e+00 1.597913503646850586e+00
7.429491281509399414e-01 1.428286433219909668e+00
1.644868135452270508e+00 1.273503661155700684e+00
1.378720045089721680e+00 1.601714968681335449e+00
1.515978336334228516e+00 2.335593223571777344e+00
2.630531787872314453e+00 2.611349582672119141e+00
1.686169624328613281e+00 1.951938867568969727e+00
1.089722156524658203e+00 6.384621858596801758e-01
8.039793968200683594e-01 0.000000000000000000e+00
2.404879570007324219e+00 1.950259447097778320e+00
1.448494911193847656e+00 1.905313849449157715e+00
2.022900819778442383e+00 2.276262044906616211e+00
1.318358898162841797e+00 5.704353451728820801e-01
1.016403198242187500e+00 1.996123194694519043e-01
1.516426801681518555e+00 8.371012210845947266e-01
1.123713254928588867e+00 2.116876840591430664e+00
1.619460344314575195e+00 1.626616358757019043e+00
0.000000000000000000e+00 0.000000000000000000e+00
1.228597611188888550e-01 0.000000000000000000e+00
1.749028921127319336e+00 1.381883621215820312e+00
1.142267704010009766e+00 8.530336618423461914e-01
1.304578065872192383e+00 6.872913241386413574e-01
7.023897767066955566e-01 7.526072114706039429e-02
2.427404880523681641e+00 3.262354731559753418e-01
9.834953546524047852e-01 7.844898104667663574e-01
5.763756036758422852e-01 1.015601634979248047e+00
1.155723333358764648e+00 2.046439170837402344e+00
1.263664722442626953e+00 1.182299017906188965e+00
2.212174177169799805e+00 2.513625383377075195e+00
1.436705112457275391e+00 1.578685164451599121e+00
