1.464498615264892578e+01 2.187948942184448242e+00
8.731581687927246094e+00 4.751871585845947266e+00
5.028026103973388672e+00 9.865288734436035156e+00
4.994419097900390625e+00 6.670084476470947266e+00
3.177113533020019531e+00 5.806641101837158203e+00
1.017479038238525391e+01 1.121284961700439453e+01
1.005375003814697266e+01 3.314314126968383789e+00
2.504118680953979492e+00 8.378208160400390625e+00
6.875202655792236328e+00 2.869579076766967773e+00
1.259372997283935547e+01 7.528989315032958984e+00
3.142960786819458008e+00 5.054997444152832031e+00
6.548450946807861328e+00 7.410862445831298828e+00
1.984350085258483887e+00 5.831951618194580078e+00
2.555510282516479492e+00 4.809718608856201172e+00
1.909544110298156738e+00 5.863493442535400391e+00
2.021474838256835938e+00 5.876732826232910156e+00
1.939236760139465332e+00 5.840886592864990234e+00
3.040206730365753174e-01 5.853520870208740234e+00
5.671136975288391113e-01 8.478270530700683594e+00
4.082223892211914062e+00 6.803527832031250000e+00
3.922301292419433594e+00 5.804990291595458984e+00
1.913623094558715820e+00 6.028249263763427734e+00
7.191151380538940430e-01 6.052761554718017578e+00
2.466015338897705078e+00 7.288811206817626953e+00
1.937310576438903809e+00 5.855268001556396484e+00
3.889357805252075195e+00 4.597722530364990234e+00
1.443362593650817871e+00 3.852725505828857422e+00
8.994682312011718750e+00 1.739921808242797852e+00
1.928681373596191406e+00 4.061779499053955078e+00
1.373820424079895020e+00 2.959177017211914062e+00
6.438433647155761719e+00 5.925381660461425781e+00
1.299119591712951660e+00 2.519887924194335938e+00
2.678075075149536133e+00 2.017998456954956055e+00
5.417021274566650391e+00 4.061291217803955078e+00
2.803807497024536133e+00 3.834098815917968750e+00
2.025405645370483398e+00 3.277113676071166992e+00
1.919237852096557617e+00 2.644369125366210938e+00
2.805948734283447266e+00 3.836781263351440430e+00
2.826142311096191406e+00 3.803713321685791016e+00
2.750892162322998047e+00 3.784354925155639648e+00
1.919956922531127930e+00 2.666405677795410156e+00
1.905891656875610352e+00 2.661126613616943359e+00
2.544246196746826172e+00 2.776571512222290039e+00
6.859686374664306641e+00 8.740174174308776855e-01
5.742215633392333984e+00 0.000000000000000000e+00
7.318061351776123047e+00 1.950261831283569336e+00
3.000014305114746094e+00 0.000000000000000000e+00
3.584577083587646484e+00 2.772247195243835449e-01
4.330732822418212891e+00 9.743999838829040527e-01
0.000000000000000000e+00 7.008355259895324707e-01
4.628013610839843750e+00 2.057955503463745117e+00
2.668367385864257812e+00 2.029048919677734375e+00
3.960572004318237305e+00 3.275141239166259766e+00
2.965647697448730469e+00 2.468372344970703125e+00
1.432094454765319824e+00 4.277076721191406250e+00
0.000000000000000000e+00 4.507656574249267578e+00
1.264144182205200195e+00 4.267114162445068359e+00
1.395400166511535645e+00 4.322869777679443359e+00
2.467437505722045898e+00 7.968423366546630859e-01
3.388382196426391602e-01 2.033394336700439453e+00
7.016915082931518555e-01 5.504774451255798340e-01
1.948889493942260742e+00 1.450735569000244141e+00
5.581927299499511719e-01 5.903460383415222168e-01
1.270979046821594238e+00 8.294526934623718262e-01
1.311048388481140137e+00 7.841785550117492676e-01
1.252936840057373047e+00 1.203564405441284180e+00
1.285612106323242188e+00 7.954773306846618652e-01
1.285612106323242188e+00 7.954773306846618652e-01
3.730229616165161133e+00 3.784386634826660156e+00
3.785179615020751953e+00 3.843801498413085938e+00
8.093557357788085938e-01 1.721275806427001953e+00
1.678706526756286621e+00 2.859284400939941406e+00
3.144600689411163330e-01 3.299012660980224609e+00
7.484362721443176270e-01 2.645395278930664062e+00
0.000000000000000000e+00 1.769062995910644531e+00
0.000000000000000000e+00 3.622567057609558105e-01
1.358565926551818848e+00 1.478290557861328125e+00
7.931025624275207520e-01 1.707438707351684570e+00
0.000000000000000000e+00 3.744694292545318604e-01
1.400230526924133301e+00 2.202686071395874023e+00
7.475391626358032227e-01 0.000000000000000000e+00
4.418567419052124023e-01 9.728382825851440430e-01
1.496918320655822754e+00 0.000000000000000000e+00
1.545855283737182617e+00 0.000000000000000000e+00
1.350180625915527344e+00 2.088934898376464844e+00
1.400522708892822266e+00 2.135473489761352539e+00
2.043267965316772461e+00 1.136915206909179688e+00
1.337739348411560059e+00 2.056050300598144531e+00
1.728585243225097656e+00 4.271222949028015137e-01
1.350752830505371094e+00 2.113494396209716797e+00
0.000000000000000000e+00 3.206749439239501953e+00
3.216240704059600830e-01 3.368092536926269531e+00
1.323323249816894531e-01 3.320126831531524658e-01
1.368485331535339355e+00 2.116603374481201172e+00
0.000000000000000000e+00 0.000000000000000000e+00
8.259693533182144165e-02 0.000000000000000000e+00
2.012556791305541992e+00 1.985613584518432617e+00
4.400369822978973389e-01 0.000000000000000000e+00
1.429245591163635254e+00 2.168863534927368164e+00
1.975370168685913086e+00 1.539045810699462891e+00
