1.109700202941894531e+01 1.224081134796142578e+01
5.728397369384765625e-01 4.750971794128417969e+00
1.625228166580200195e+00 3.772585868835449219e+00
1.460184812545776367e+00 3.233630657196044922e+00
4.308049201965332031e+00 7.121787071228027344e+00
2.203951358795166016e+00 4.680880546569824219e+00
0.000000000000000000e+00 3.210994720458984375e+00
1.514238119125366211e+00 3.876927137374877930e+00
3.118353843688964844e+00 6.661666393280029297e+00
6.145715713500976562e-01 3.274957895278930664e+00
1.383655309677124023e+00 4.421842575073242188e+00
1.677605628967285156e+00 4.269813060760498047e+00
1.237341165542602539e+00 3.984410285949707031e+00
5.089386105537414551e-01 3.377286434173583984e+00
0.000000000000000000e+00 1.541883826255798340e+00
1.133960247039794922e+00 3.615929603576660156e+00
1.413939714431762695e+00 3.219913721084594727e+00
9.085884690284729004e-01 4.038123607635498047e+00
1.522188425064086914e+00 4.660523891448974609e+00
1.216580390930175781e+00 4.190081119537353516e+00
1.081083059310913086e+00 4.654935836791992188e+00
7.659513354301452637e-01 3.656889200210571289e+00
1.230127334594726562e+00 3.806157112121582031e+00
3.439407348632812500e+00 6.080710411071777344e+00
1.048405051231384277e+00 3.858863353729248047e+00
6.134787082672119141e+00 6.903141975402832031e+00
2.894420146942138672e+00 1.961166858673095703e+00
3.448263406753540039e+00 2.262001514434814453e+00
4.208390712738037109e+00 4.880151271820068359e+00
2.797014236450195312e+00 2.500915050506591797e+00
2.835171461105346680e+00 2.791330814361572266e+00
4.708589553833007812e+00 2.950021505355834961e+00
2.429734706878662109e+00 1.762241125106811523e+00
2.876447200775146484e+00 1.379448533058166504e+00
3.180436372756958008e+00 2.401618242263793945e+00
2.163377255201339722e-01 3.386752605438232422e-01
2.026688575744628906e+00 2.058075666427612305e+00
4.019160270690917969e+00 2.775823593139648438e+00
1.865155696868896484e+00 5.314753055572509766e-01
1.348790168762207031e+00 1.357240557670593262e+00
1.949766874313354492e+00 2.559684753417968750e+00
2.727586030960083008e+00 6.780269145965576172e-01
1.628797054290771484e+00 1.175281167030334473e+00
1.536264181137084961e+00 1.068921208381652832e+00
8.914799094200134277e-01 1.730838775634765625e+00
2.005846261978149414e+00 1.596938371658325195e+00
1.552670240402221680e+00 1.830989480018615723e+00
1.627415657043457031e+00 1.540376663208007812e+00
3.891756772994995117e+00 4.618453025817871094e+00
2.680737495422363281e+00 3.989368915557861328e+00
2.667913436889648438e+00 4.916903018951416016e+00
1.734311342239379883e+00 3.538361549377441406e+00
2.935420751571655273e+00 4.136830329895019531e+00
2.207217693328857422e+00 3.431712150573730469e+00
7.227794528007507324e-01 1.796106338500976562e+00
2.029425382614135742e+00 2.378950119018554688e+00
9.124328494071960449e-01 3.312533497810363770e-01
1.127016067504882812e+00 1.890655040740966797e+00
1.295276403427124023e+00 1.197292327880859375e+00
1.622129201889038086e+00 1.006835579872131348e+00
1.826624393463134766e+00 9.051893353462219238e-01
1.735853433609008789e+00 8.769476413726806641e-01
1.401406288146972656e+00 0.000000000000000000e+00
1.308730840682983398e+00 1.046826601028442383e+00
2.181914329528808594e+00 2.464485883712768555e+00
2.072340726852416992e+00 1.901673436164855957e+00
3.178215026855468750e+00 2.222123861312866211e+00
3.792382955551147461e+00 4.383668422698974609e+00
9.093194007873535156e-01 1.090034365653991699e+00
1.032838344573974609e+00 7.132232189178466797e-01
1.032838344573974609e+00 7.132232189178466797e-01
1.695144414901733398e+00 2.406353652477264404e-01
1.949639797210693359e+00 3.239298105239868164e+00
2.712192058563232422e+00 1.077335953712463379e+00
1.291044712066650391e+00 3.301744759082794189e-01
9.892598390579223633e-01 1.620727181434631348e+00
8.945218920707702637e-01 2.139402389526367188e+00
1.728675127029418945e+00 1.408211231231689453e+00
7.896589040756225586e-01 1.221017718315124512e+00
1.430269956588745117e+00 8.060039877891540527e-01
2.343427181243896484e+00 1.998425483703613281e+00
1.701463460922241211e+00 1.541357040405273438e+00
2.748879790306091309e-01 1.121566295623779297e+00
1.594491243362426758e+00 8.427928686141967773e-01
1.744624614715576172e+00 2.535393476486206055e+00
8.039793968200683594e-01 0.000000000000000000e+00
1.401834964752197266e+00 1.253340840339660645e+00
1.564619064331054688e+00 1.312765121459960938e+00
9.631026387214660645e-01 1.153618812561035156e+00
1.356065750122070312e+00 8.508219122886657715e-01
7.667172551155090332e-01 1.714182376861572266e+00
6.154708266258239746e-01 1.252752542495727539e+00
5.032181739807128906e-01 9.141284823417663574e-01
2.144128799438476562e+00 4.276893287897109985e-02
1.983853101730346680e+00 1.566383242607116699e+00
1.125780582427978516e+00 9.997084140777587891e-01
4.565223455429077148e-01 1.081359505653381348e+00
1.328673124313354492e+00 1.486360669136047363e+00
1.204477548599243164e+00 7.547691464424133301e-01
1.591630220413208008e+00 1.991494178771972656e+00
