1.109700202941894531e+01 1.224081134796142578e+01
2.095545768737792969e+00 6.338988304138183594e+00
7.406346321105957031e+00 1.340108680725097656e+01
5.341754436492919922e+00 1.039475536346435547e+01
2.358996152877807617e+00 6.430715084075927734e+00
6.880543231964111328e+00 1.086252975463867188e+01
3.337669968605041504e-01 4.913500308990478516e+00
7.048588395118713379e-01 4.196888923645019531e+00
2.884264945983886719e+00 6.309806823730468750e+00
4.350052356719970703e+00 8.602645874023437500e+00
3.365980148315429688e+00 7.618402004241943359e+00
5.497636795043945312e+00 9.021561622619628906e+00
1.092882871627807617e+00 4.068007946014404297e+00
2.341259002685546875e+00 6.296248912811279297e+00
9.354739785194396973e-01 4.130376815795898438e+00
1.917584896087646484e+00 4.945108890533447266e+00
1.320710182189941406e+00 3.730340480804443359e+00
1.099830150604248047e+00 4.103064060211181641e+00
3.458500385284423828e+00 6.452246189117431641e+00
5.918679833412170410e-01 2.987862110137939453e+00
1.230127334594726562e+00 3.806157112121582031e+00
2.010943651199340820e+00 4.779279232025146484e+00
7.576917409896850586e-01 4.651639938354492188e+00
1.536274671554565430e+00 4.836255073547363281e+00
3.062577247619628906e+00 7.054016590118408203e+00
4.802718162536621094e+00 4.837056159973144531e+00
3.640558719635009766e+00 2.999299526214599609e+00
3.346775054931640625e+00 1.138726353645324707e+00
3.193802356719970703e+00 2.703902482986450195e+00
4.942720890045166016e+00 6.301360607147216797e+00
2.887792348861694336e+00 2.422672748565673828e+00
4.423382282257080078e+00 2.942423343658447266e+00
6.729363441467285156e+00 8.203331947326660156e+00
3.464262962341308594e+00 5.474318981170654297e+00
2.610429763793945312e+00 4.315156459808349609e+00
3.091105461120605469e+00 4.294262886047363281e+00
3.033038854598999023e+00 5.062922477722167969e+00
2.768011569976806641e+00 3.623044967651367188e+00
3.250477552413940430e+00 3.971819400787353516e+00
3.627910375595092773e+00 4.496900558471679688e+00
2.940239429473876953e+00 4.809401035308837891e+00
3.723995923995971680e+00 1.697393417358398438e+00
9.909927845001220703e-01 6.832115054130554199e-01
1.520220279693603516e+00 9.378737211227416992e-01
8.536519408226013184e-01 0.000000000000000000e+00
1.450041055679321289e+00 1.106631398200988770e+00
2.044779062271118164e+00 1.605424284934997559e+00
3.529637336730957031e+00 2.202524900436401367e+00
3.086573839187622070e+00 1.727869629859924316e+00
5.890300273895263672e+00 5.322336673736572266e+00
3.360578775405883789e+00 3.169408321380615234e+00
1.680713742971420288e-01 1.269028067588806152e+00
3.808005571365356445e+00 4.149542808532714844e+00
6.108090281486511230e-01 1.438538908958435059e+00
0.000000000000000000e+00 4.813627600669860840e-01
1.003742456436157227e+00 1.904379725456237793e+00
1.801985353231430054e-01 4.328502416610717773e-01
1.612924814224243164e+00 1.536059260368347168e+00
2.714262962341308594e+00 8.779224753379821777e-01
1.074094772338867188e+00 0.000000000000000000e+00
1.104174852371215820e+00 0.000000000000000000e+00
1.839023351669311523e+00 0.000000000000000000e+00
1.839023351669311523e+00 0.000000000000000000e+00
3.951231956481933594e+00 3.691718101501464844e+00
4.685889244079589844e+00 4.830401897430419922e+00
3.818343877792358398e+00 3.441660404205322266e+00
4.777652263641357422e+00 4.993348121643066406e+00
1.533958196640014648e+00 2.465630769729614258e+00
5.284554958343505859e-01 4.543169140815734863e-01
1.156248569488525391e+00 1.124588370323181152e+00
6.920992136001586914e-01 0.000000000000000000e+00
5.931850671768188477e-01 7.174970954656600952e-02
1.631831407546997070e+00 7.717599272727966309e-01
3.732672333717346191e-01 1.288414299488067627e-01
1.577661752700805664e+00 0.000000000000000000e+00
2.892640113830566406e+00 2.377680063247680664e+00
4.402897357940673828e-01 8.739303350448608398e-01
7.833415865898132324e-01 6.493799686431884766e-01
1.141338825225830078e+00 1.319812536239624023e+00
1.249928474426269531e+00 7.114945054054260254e-01
1.463855743408203125e+00 1.829791307449340820e+00
6.661887168884277344e-01 0.000000000000000000e+00
1.697419166564941406e+00 5.850222110748291016e-01
1.558871030807495117e+00 1.097290515899658203e+00
1.205236911773681641e+00 1.829209923744201660e-01
1.642127990722656250e+00 9.852776527404785156e-01
1.669833421707153320e+00 8.876134157180786133e-01
6.798267364501953125e-01 1.748321652412414551e+00
2.003596276044845581e-01 7.638089656829833984e-01
2.059434413909912109e+00 1.654959082603454590e+00
1.633935213088989258e+00 2.261003255844116211e+00
1.617292165756225586e+00 2.158250331878662109e+00
1.159146785736083984e+00 1.230294823646545410e+00
1.152305006980895996e+00 1.049981236457824707e+00
1.406382799148559570e+00 1.070661902427673340e+00
4.263731837272644043e-01 0.000000000000000000e+00
1.950752973556518555e+00 1.763866186141967773e+00
1.463099718093872070e+00 1.664569616317749023e+00
1.152625322341918945e+00 1.195477008819580078e+00
1.447182655334472656e+00 1.153758049011230469e+00
