1.109700202941894531e+01 1.224081134796142578e+01
4.060312747955322266e+00 9.362626075744628906e+00
6.178308963775634766e+00 9.664437294006347656e+00
2.848085403442382812e+00 6.232060909271240234e+00
2.567007064819335938e+00 5.618739128112792969e+00
4.050731658935546875e+00 8.503980636596679688e+00
1.927613973617553711e+00 5.479404926300048828e+00
8.236713409423828125e-01 4.287008285522460938e+00
3.441992044448852539e+00 7.468636989593505859e+00
2.672556161880493164e+00 5.975701808929443359e+00
2.982972860336303711e+00 5.890111446380615234e+00
1.069371461868286133e+00 3.982992649078369141e+00
9.661265015602111816e-01 3.795817613601684570e+00
2.190946578979492188e+00 5.534547328948974609e+00
6.223815679550170898e-01 4.223793029785156250e+00
1.081947088241577148e+00 3.593230485916137695e+00
4.829552769660949707e-01 3.667543649673461914e+00
1.522787332534790039e+00 3.614641666412353516e+00
7.096338868141174316e-01 3.808752536773681641e+00
1.454273164272308350e-01 2.874209642410278320e+00
1.009307384490966797e+00 3.670403003692626953e+00
3.425167322158813477e+00 7.066086769104003906e+00
1.508523464202880859e+00 4.114745616912841797e+00
7.562519907951354980e-01 3.386561870574951172e+00
7.898494005203247070e-01 3.283371925354003906e+00
3.145428180694580078e+00 6.400123983621597290e-02
3.693068504333496094e+00 4.753223896026611328e+00
3.182401418685913086e+00 1.256338357925415039e+00
2.620803117752075195e+00 2.370495319366455078e+00
4.423382759094238281e+00 2.942424058914184570e+00
2.676041603088378906e+00 2.112785339355468750e+00
2.714972257614135742e+00 1.905002713203430176e+00
3.227663993835449219e+00 2.383500099182128906e+00
4.465198040008544922e+00 4.714605808258056641e+00
3.625568151473999023e+00 4.462738990783691406e+00
2.289239883422851562e+00 4.000792980194091797e+00
2.841735601425170898e+00 4.140950679779052734e+00
3.352079629898071289e+00 4.517550945281982422e+00
3.902463674545288086e+00 4.126757621765136719e+00
3.820099115371704102e+00 3.819339036941528320e+00
3.631787061691284180e+00 4.543416023254394531e+00
3.116809844970703125e+00 4.276028156280517578e+00
2.870860815048217773e+00 3.810197591781616211e+00
3.652380704879760742e+00 4.578505992889404297e+00
2.552802324295043945e+00 3.864298820495605469e+00
2.873417615890502930e+00 4.182517528533935547e+00
2.493767976760864258e+00 1.968049526214599609e+00
1.595377683639526367e+00 5.543888211250305176e-01
9.141460061073303223e-01 1.969268918037414551e-01
2.735754728317260742e+00 5.617305040359497070e-01
8.579058647155761719e-01 5.551592707633972168e-01
2.040668487548828125e+00 1.501453757286071777e+00
1.756543874740600586e+00 1.127571940422058105e+00
1.329221248626708984e+00 1.381382703781127930e+00
2.822752237319946289e+00 1.378168582916259766e+00
3.444839239120483398e+00 7.116615772247314453e-01
2.047413349151611328e+00 7.040143013000488281e-01
3.242889165878295898e+00 1.601732969284057617e+00
3.088904142379760742e+00 1.970097541809082031e+00
3.251311779022216797e+00 1.346079945564270020e+00
2.458673000335693359e+00 0.000000000000000000e+00
4.254742860794067383e-01 0.000000000000000000e+00
1.239188671112060547e+00 1.100012421607971191e+00
1.529701709747314453e+00 8.178098797798156738e-01
4.434049129486083984e-01 1.094872236251831055e+00
2.248222827911376953e+00 0.000000000000000000e+00
1.426799535751342773e+00 2.695102989673614502e-01
2.566077947616577148e+00 0.000000000000000000e+00
2.632630586624145508e+00 1.530959606170654297e-01
2.472874641418457031e+00 8.118835091590881348e-01
2.281881809234619141e+00 0.000000000000000000e+00
2.016467094421386719e+00 3.086392581462860107e-01
1.539762496948242188e+00 0.000000000000000000e+00
1.335642576217651367e+00 1.383745074272155762e+00
1.664765119552612305e+00 1.027388095855712891e+00
2.306949853897094727e+00 1.626129508018493652e+00
4.815192818641662598e-01 1.361998319625854492e-01
1.675639390945434570e+00 2.272471904754638672e+00
2.264841556549072266e+00 7.269569039344787598e-01
1.267823934555053711e+00 1.093122839927673340e+00
1.852055788040161133e+00 8.801487833261489868e-02
1.275343656539916992e+00 2.914393842220306396e-01
1.748099088668823242e+00 2.376230716705322266e+00
8.889727592468261719e-01 3.299544453620910645e-01
1.531378269195556641e+00 2.035488843917846680e+00
1.323522090911865234e+00 9.440971612930297852e-01
1.244006872177124023e+00 8.135531544685363770e-01
2.014308452606201172e+00 1.400488972663879395e+00
6.816442012786865234e-01 1.498608231544494629e+00
3.310952782630920410e-01 1.118262171745300293e+00
7.068896889686584473e-01 1.271750569343566895e+00
1.351707935333251953e+00 9.131536632776260376e-02
1.028661251068115234e+00 5.397032946348190308e-02
4.924328625202178955e-01 2.429879903793334961e-01
1.392376661300659180e+00 1.631585240364074707e+00
1.395765542984008789e+00 5.715447664260864258e-01
1.263664722442626953e+00 1.182299017906188965e+00
1.668617963790893555e+00 1.280045270919799805e+00
6.474317312240600586e-01 4.387047141790390015e-02
7.833415865898132324e-01 6.493799686431884766e-01
