6.947633743286132812e+00 0.000000000000000000e+00
2.965256214141845703e+00 0.000000000000000000e+00
6.358201026916503906e+00 0.000000000000000000e+00
4.231095314025878906e+00 0.000000000000000000e+00
1.476717591285705566e+00 0.000000000000000000e+00
4.834105968475341797e+00 0.000000000000000000e+00
4.034323692321777344e+00 0.000000000000000000e+00
3.117788553237915039e+00 0.000000000000000000e+00
2.662777423858642578e+00 0.000000000000000000e+00
5.176125526428222656e+00 0.000000000000000000e+00
2.497370243072509766e+00 0.000000000000000000e+00
4.265177726745605469e+00 0.000000000000000000e+00
1.770687460899353027e+00 0.000000000000000000e+00
2.771044731140136719e+00 0.000000000000000000e+00
2.629525899887084961e+00 0.000000000000000000e+00
1.941714406013488770e+00 0.000000000000000000e+00
1.919126629829406738e+00 0.000000000000000000e+00
2.346117258071899414e+00 0.000000000000000000e+00
2.631365776062011719e+00 0.000000000000000000e+00
3.103003025054931641e+00 0.000000000000000000e+00
1.827218294143676758e+00 0.000000000000000000e+00
1.792599081993103027e+00 0.000000000000000000e+00
2.164265871047973633e+00 0.000000000000000000e+00
1.865962743759155273e+00 0.000000000000000000e+00
2.231519699096679688e+00 0.000000000000000000e+00
2.698343753814697266e+00 0.000000000000000000e+00
1.695118069648742676e+00 0.000000000000000000e+00
1.772575259208679199e+00 0.000000000000000000e+00
1.785697102546691895e+00 0.000000000000000000e+00
1.348056435585021973e+00 0.000000000000000000e+00
4.093209266662597656e+00 0.000000000000000000e+00
1.193009734153747559e+00 0.000000000000000000e+00
3.265483140945434570e+00 0.000000000000000000e+00
6.536793112754821777e-01 0.000000000000000000e+00
1.180613636970520020e+00 0.000000000000000000e+00
7.632871270179748535e-01 0.000000000000000000e+00
9.105265736579895020e-01 0.000000000000000000e+00
6.970641613006591797e-01 0.000000000000000000e+00
8.299130201339721680e-01 0.000000000000000000e+00
5.663920640945434570e-01 0.000000000000000000e+00
6.460384130477905273e-01 0.000000000000000000e+00
1.134175777435302734e+00 0.000000000000000000e+00
2.680167675018310547e+00 0.000000000000000000e+00
1.799211859703063965e+00 0.000000000000000000e+00
1.330179333686828613e+00 0.000000000000000000e+00
7.732582092285156250e-01 0.000000000000000000e+00
3.483443558216094971e-01 0.000000000000000000e+00
2.799508273601531982e-01 0.000000000000000000e+00
3.337574303150177002e-01 0.000000000000000000e+00
1.567598819732666016e+00 0.000000000000000000e+00
1.125118374824523926e+00 0.000000000000000000e+00
2.446416139602661133e+00 0.000000000000000000e+00
1.578042864799499512e+00 0.000000000000000000e+00
2.699120759963989258e+00 0.000000000000000000e+00
1.049453496932983398e+00 0.000000000000000000e+00
1.603139162063598633e+00 0.000000000000000000e+00
8.828201293945312500e-01 0.000000000000000000e+00
1.082703948020935059e+00 0.000000000000000000e+00
5.027107596397399902e-01 0.000000000000000000e+00
4.676631838083267212e-02 0.000000000000000000e+00
2.656937241554260254e-01 0.000000000000000000e+00
4.333786368370056152e-01 0.000000000000000000e+00
0.000000000000000000e+00 0.000000000000000000e+00
1.971619963645935059e+00 0.000000000000000000e+00
1.702293276786804199e+00 0.000000000000000000e+00
1.134101986885070801e+00 0.000000000000000000e+00
6.940492987632751465e-01 0.000000000000000000e+00
5.403464436531066895e-01 0.000000000000000000e+00
1.183227226138114929e-01 0.000000000000000000e+00
1.632122695446014404e-01 0.000000000000000000e+00
3.508419990539550781e-01 0.000000000000000000e+00
0.000000000000000000e+00 0.000000000000000000e+00
5.144408941268920898e-01 0.000000000000000000e+00
4.920233488082885742e-01 0.000000000000000000e+00
5.655858516693115234e-01 0.000000000000000000e+00
8.691564202308654785e-01 0.000000000000000000e+00
1.653178036212921143e-01 0.000000000000000000e+00
9.739421010017395020e-01 0.000000000000000000e+00
5.376336574554443359e-01 0.000000000000000000e+00
6.279245018959045410e-01 0.000000000000000000e+00
0.000000000000000000e+00 0.000000000000000000e+00
9.125731587409973145e-01 0.000000000000000000e+00
7.169716358184814453e-01 0.000000000000000000e+00
3.422482609748840332e-01 0.000000000000000000e+00
4.043279886245727539e-01 0.000000000000000000e+00
6.359301805496215820e-01 0.000000000000000000e+00
1.840194463729858398e-01 0.000000000000000000e+00
4.631088972091674805e-01 0.000000000000000000e+00
4.718241095542907715e-01 0.000000000000000000e+00
1.407229781150817871e+00 0.000000000000000000e+00
3.306064009666442871e-01 0.000000000000000000e+00
5.536450743675231934e-01 0.000000000000000000e+00
4.604769349098205566e-01 0.000000000000000000e+00
3.842234611511230469e-01 0.000000000000000000e+00
3.809818029403686523e-01 0.000000000000000000e+00
4.643108844757080078e-01 0.000000000000000000e+00
2.191345989704132080e-01 0.000000000000000000e+00
5.220627784729003906e-01 0.000000000000000000e+00
4.714539051055908203e-01 0.000000000000000000e+00
2.657277286052703857e-01 0.000000000000000000e+00
