200 400
0 1
0 34
0 38
0 125
1 32
1 55
1 67
1 103
1 160
2 49
2 121
3 31
3 74
3 90
3 124
3 140
4 11
4 24
4 176
5 18
5 84
5 174
5 179
6 76
6 98
6 150
6 171
6 193
6 197
7 43
7 108
7 151
7 176
8 24
8 28
8 190
10 56
10 109
10 136
10 147
10 153
10 159
11 62
11 70
11 84
11 103
11 121
11 184
12 131
12 172
12 189
13 17
13 98
13 149
13 179
14 17
14 37
14 82
14 142
14 155
14 169
14 174
15 24
15 43
15 63
15 147
16 91
17 52
17 56
17 92
17 106
17 119
17 171
17 196
18 92
18 164
18 181
19 90
19 175
19 191
20 82
20 171
22 36
22 75
22 150
22 177
23 32
23 48
23 174
24 35
24 105
24 113
24 124
24 174
25 88
25 100
25 111
26 50
26 127
26 150
26 173
27 68
27 135
28 78
28 87
28 93
28 117
28 150
28 162
28 178
29 117
29 169
31 71
32 113
32 133
34 79
34 128
35 86
35 117
35 125
36 80
36 103
36 133
37 49
37 112
37 197
38 123
38 166
40 134
40 145
40 171
40 179
41 64
41 87
41 108
41 121
41 135
41 139
42 76
42 85
42 110
43 139
43 156
43 193
43 194
44 74
44 104
44 121
45 73
45 197
46 97
46 105
46 177
48 71
48 102
48 119
48 126
48 129
48 139
48 172
48 186
49 85
49 176
50 64
50 77
50 97
50 115
50 161
50 182
51 93
51 176
51 185
52 76
52 113
52 145
52 151
53 120
53 196
54 97
54 111
54 118
55 67
55 75
55 98
55 106
55 144
56 87
56 123
56 169
57 68
57 168
57 179
58 61
58 106
58 151
59 99
59 104
59 113
59 184
60 148
60 159
61 118
61 134
61 165
61 189
63 76
63 145
64 188
66 68
66 94
66 100
66 149
67 69
67 80
67 143
67 171
68 108
68 127
68 190
69 174
70 95
70 118
70 179
71 79
71 97
71 106
71 136
71 198
73 95
74 124
74 135
75 87
75 135
75 142
76 101
76 129
76 138
76 140
76 162
76 180
76 184
77 132
77 186
78 154
78 169
79 139
79 171
80 101
80 176
81 125
81 168
82 93
82 114
83 97
83 135
83 179
84 116
84 161
84 172
85 122
86 104
86 112
86 117
86 119
86 129
86 140
86 148
86 165
87 148
88 96
88 133
88 172
89 117
89 162
90 125
90 130
90 158
90 164
91 133
91 144
91 198
92 164
93 99
93 112
93 136
93 171
93 175
94 99
94 108
94 166
94 189
95 112
95 154
95 179
95 181
96 178
96 182
97 99
97 130
99 107
99 130
99 195
100 142
100 155
100 177
101 122
101 165
101 170
102 155
102 165
102 188
102 195
102 199
103 157
103 199
104 154
104 179
104 197
105 145
105 178
106 130
106 145
106 163
108 121
108 165
108 189
109 113
109 184
110 191
111 135
111 169
111 194
112 122
113 177
113 193
114 139
114 149
114 172
114 195
116 133
116 151
116 170
119 120
119 161
120 160
121 144
121 154
121 196
123 136
125 175
125 182
127 146
127 180
128 195
130 187
132 174
133 170
135 188
135 191
136 167
137 188
139 147
141 148
141 165
141 198
142 171
142 173
142 188
143 196
144 173
147 159
147 163
147 184
147 194
148 187
149 194
151 177
152 154
155 158
156 185
157 159
158 184
160 175
161 170
162 166
162 187
163 186
164 191
166 167
168 179
170 179
172 199
174 180
174 187
176 181
176 196
178 182
178 193
184 197
189 194
