0 1
0 2
0 3
0 4
0 5
0 9
0 12
0 14
0 15
0 16
0 17
0 20
0 23
0 25
0 26
0 31
0 35
0 36
0 37
0 42
0 46
0 56
0 58
0 60
0 65
0 76
0 82
0 83
0 94
0 102
0 112
0 124
0 129
0 147
0 154
0 165
0 168
0 173
0 177
0 182
0 191
0 206
0 215
0 256
0 262
0 288
0 302
0 304
0 313
0 340
0 353
0 355
0 374
0 405
0 448
0 452
0 499
0 520
0 523
0 532
0 534
0 542
0 569
0 579
0 584
0 601
0 606
0 624
0 635
0 652
0 687
0 730
0 809
0 833
0 867
0 869
0 879
0 885
0 933
0 934
0 943
0 976
0 977
0 981
1 2
1 3
1 6
1 7
1 51
1 68
1 99
1 122
1 130
1 155
1 160
1 190
1 205
1 287
1 303
1 316
1 341
1 394
1 474
1 514
1 550
1 572
1 622
1 695
1 785
1 813
1 882
2 3
2 18
2 22
2 30
2 44
2 53
2 54
2 61
2 79
2 98
2 100
2 159
2 183
2 213
2 289
2 307
2 352
2 362
2 380
2 424
2 466
2 484
2 557
2 572
2 574
2 613
2 642
2 645
2 736
2 737
2 759
2 764
2 784
2 826
2 909
2 940
2 951
2 988
3 4
3 5
3 7
3 8
3 9
3 10
3 11
3 12
3 13
3 14
3 19
3 21
3 29
3 33
3 40
3 57
3 62
3 67
3 69
3 75
3 78
3 102
3 110
3 111
3 121
3 130
3 136
3 137
3 141
3 169
3 172
3 193
3 214
3 223
3 233
3 240
3 251
3 261
3 284
3 299
3 314
3 333
3 337
3 340
3 344
3 398
3 420
3 466
3 476
3 496
3 506
3 543
3 586
3 600
3 651
3 686
3 701
3 765
3 803
3 811
3 823
3 842
3 864
3 880
3 886
3 887
3 900
3 923
4 6
4 31
4 71
4 140
4 161
4 163
4 174
4 201
4 275
4 291
4 341
4 395
4 654
4 832
4 850
4 852
4 922
5 13
5 15
5 24
5 25
5 27
5 32
5 43
5 46
5 50
5 61
5 64
5 85
5 106
5 142
5 145
5 179
5 194
5 363
5 445
5 483
5 485
5 507
5 524
5 531
5 533
5 634
5 638
5 649
5 678
5 711
5 800
5 848
5 876
6 60
6 72
6 80
6 146
6 175
6 199
6 204
6 236
6 267
6 282
6 292
6 357
6 472
6 494
6 694
6 715
6 716
6 880
7 8
7 11
7 24
7 33
7 114
7 189
7 311
7 398
7 446
7 462
7 478
7 489
7 514
7 636
7 665
7 706
7 901
7 941
8 10
8 26
8 43
8 45
8 47
8 134
8 176
8 217
8 221
8 280
8 468
8 550
8 615
9 17
9 20
9 74
9 122
9 171
9 208
9 254
9 267
9 752
9 786
9 793
10 18
10 35
10 39
10 41
10 52
10 91
10 133
10 135
10 143
10 152
10 157
10 246
10 265
10 301
10 339
10 349
10 368
10 371
10 565
10 657
10 664
10 730
10 857
10 874
11 21
11 36
11 59
11 89
11 93
11 127
11 136
11 221
11 226
11 392
11 422
11 431
11 492
11 556
11 593
11 620
11 637
11 660
11 691
11 771
11 890
11 905
11 907
11 945
12 48
12 80
12 128
12 135
12 327
12 408
12 484
12 533
12 552
12 620
12 947
13 16
13 22
13 28
13 41
13 104
13 183
13 217
13 456
13 589
13 807
13 840
13 967
14 19
14 52
14 64
14 68
14 70
14 88
14 147
14 191
14 273
14 286
14 305
14 397
14 458
14 649
14 692
14 723
14 725
14 922
15 224
15 416
15 613
15 718
16 302
17 45
17 63
17 114
17 126
17 248
17 385
17 465
17 477
17 490
17 552
17 577
17 659
17 819
17 872
18 86
19 28
19 29
19 32
19 39
19 53
19 132
19 180
19 205
19 227
19 364
19 380
19 382
19 493
19 497
19 526
19 544
19 560
19 570
19 617
19 659
19 759
19 773
19 830
19 913
19 999
20 44
20 66
20 81
20 97
20 143
20 155
20 174
20 274
20 386
20 469
20 488
21 23
21 42
21 54
21 98
21 103
21 153
21 200
21 263
21 271
21 383
21 468
21 525
21 711
21 785
21 837
22 27
22 50
22 332
22 377
22 517
22 527
22 607
22 740
22 892
23 222
23 247
23 258
23 305
23 326
23 366
23 402
23 407
23 542
23 575
23 992
24 982
25 34
25 49
25 96
25 119
25 179
25 430
25 435
25 603
25 928
26 755
27 164
28 30
28 37
28 48
28 57
28 87
28 116
28 139
28 241
28 244
28 281
28 387
28 419
28 520
28 549
28 667
28 745
28 775
28 957
29 58
29 74
29 89
29 140
29 354
29 391
29 423
29 525
29 573
29 615
29 627
29 709
29 860
29 950
29 969
29 987
30 55
30 218
30 281
30 317
30 820
30 827
30 854
31 47
31 270
31 532
31 537
31 719
31 955
32 38
32 113
32 172
32 266
32 318
32 453
32 647
32 661
32 663
32 670
32 867
32 868
33 34
33 40
33 77
33 83
33 88
33 90
33 93
33 95
33 99
33 120
33 194
33 220
33 249
33 279
33 312
33 405
33 442
33 527
33 636
33 655
33 726
33 774
33 845
33 927
33 955
33 981
34 75
34 115
34 156
34 167
34 188
34 260
34 310
34 388
34 399
34 404
34 582
34 631
34 991
35 86
35 131
35 171
35 252
35 299
35 448
35 500
35 907
36 788
36 962
37 38
37 120
37 164
37 329
37 389
37 589
38 62
38 105
38 118
38 321
38 603
38 604
38 852
39 59
39 90
39 96
39 101
39 115
39 162
39 175
39 229
39 234
39 247
39 292
39 348
39 522
39 576
39 643
39 645
39 771
39 862
39 930
40 49
40 188
40 204
40 297
40 486
40 498
40 590
40 671
40 712
40 908
40 952
41 72
41 97
41 109
41 125
41 141
41 149
41 152
41 272
41 338
41 357
41 390
41 548
41 622
41 972
41 993
42 51
42 70
42 76
42 148
42 186
42 239
42 244
42 295
42 312
42 403
42 410
42 486
42 515
42 673
42 680
42 686
42 844
42 980
43 84
43 195
43 481
43 952
44 56
44 63
44 71
44 103
44 192
44 201
44 216
44 232
44 260
44 278
44 286
44 298
44 317
44 329
44 330
44 612
44 655
44 670
44 694
44 696
44 776
44 801
44 946
45 121
45 250
45 291
45 296
45 348
45 495
45 535
45 537
45 547
45 594
45 792
47 139
47 170
47 246
47 327
47 365
47 378
47 473
47 616
47 669
47 679
47 766
47 769
48 129
48 190
48 434
48 457
48 596
49 145
49 467
49 608
49 641
50 67
50 77
50 110
50 306
50 539
50 555
50 587
50 798
51 55
51 210
52 66
52 233
52 237
52 731
53 81
53 109
53 112
53 125
53 127
53 138
53 170
53 208
53 435
53 585
53 885
53 918
54 73
54 117
54 156
54 213
54 331
54 336
54 347
54 421
54 503
55 69
55 78
55 196
55 203
55 307
55 320
55 385
55 387
55 395
55 402
55 426
55 494
55 597
55 643
55 698
55 739
55 742
56 914
57 65
57 85
57 185
57 206
57 231
57 238
57 245
57 326
57 338
57 378
57 408
57 425
57 569
57 578
57 823
57 847
58 79
58 101
58 124
58 212
58 222
58 238
58 239
58 255
58 261
58 283
58 301
58 308
58 455
58 585
58 803
58 956
59 196
59 749
59 772
59 791
59 818
60 754
60 846
61 94
61 163
61 198
61 479
61 540
61 566
61 661
62 434
62 536
62 538
62 824
62 855
62 932
63 150
63 894
63 963
64 82
64 277
64 491
64 677
65 73
65 92
65 95
65 154
65 300
65 311
65 512
65 830
66 178
66 330
66 429
66 517
66 832
66 991
67 384
67 696
67 746
67 794
68 728
68 748
69 119
69 189
69 209
69 288
69 289
69 685
69 717
69 789
69 806
69 950
69 985
70 276
70 518
70 676
70 688
70 792
70 949
70 974
71 149
71 173
71 225
71 255
71 590
72 202
72 211
72 421
73 113
73 798
73 959
74 371
74 829
74 833
75 169
75 216
75 277
75 436
76 160
76 442
76 780
77 87
77 235
77 422
77 526
78 117
78 118
78 279
78 416
78 808
79 150
80 131
81 315
81 325
81 370
81 521
81 538
81 931
82 92
82 100
82 105
82 123
82 142
82 214
82 219
82 548
82 624
82 639
82 650
82 903
82 933
83 84
83 197
83 272
83 342
83 644
84 91
84 132
84 148
84 151
84 195
84 437
84 602
84 710
84 778
84 968
84 986
87 134
87 137
87 211
87 264
87 269
87 319
87 490
87 583
87 593
87 825
87 925
89 108
90 228
90 482
90 545
90 732
90 742
90 927
91 549
92 157
92 168
92 181
92 268
92 315
92 491
92 632
92 702
92 836
92 953
92 977
94 107
94 449
94 460
94 835
95 104
95 425
95 677
96 111
96 203
96 243
96 249
96 314
96 325
96 351
96 354
96 365
96 455
96 733
96 838
96 893
96 904
96 969
96 972
98 151
98 207
98 328
98 386
98 458
98 845
99 133
99 609
99 743
101 107
101 166
101 243
101 265
101 309
101 332
101 428
101 432
101 511
101 515
101 534
101 562
101 605
101 625
101 652
101 729
101 829
101 898
101 937
101 956
101 996
102 106
102 128
102 212
102 360
102 403
102 509
102 554
102 666
102 702
102 707
102 729
102 753
102 859
102 949
102 953
103 347
103 487
103 502
103 703
103 805
103 822
103 881
103 884
105 108
105 355
105 582
106 766
107 202
107 226
107 259
107 293
107 336
107 401
107 470
107 475
107 619
107 709
107 877
107 995
108 270
109 319
109 427
109 462
109 476
109 637
110 683
111 218
111 762
112 116
112 192
112 225
112 237
112 242
112 253
112 362
112 443
112 505
112 539
112 557
112 631
112 870
113 166
114 344
114 345
114 881
117 158
117 181
117 200
117 253
117 500
118 483
118 757
118 899
119 146
119 250
119 275
119 304
119 733
119 768
119 944
120 524
120 866
120 937
121 153
121 159
121 224
121 254
121 303
121 413
121 451
121 705
121 831
122 123
122 388
122 648
123 126
123 161
123 185
123 623
123 697
123 793
124 144
124 184
124 350
124 616
124 656
124 914
125 138
125 345
125 463
125 727
125 929
126 199
126 230
126 662
128 258
128 293
128 373
128 381
128 713
128 806
128 942
129 193
129 731
130 209
130 507
130 679
130 724
131 324
131 367
132 177
132 220
132 901
133 186
133 284
133 429
133 480
133 774
134 464
135 298
135 553
136 158
136 187
136 285
136 735
136 736
138 513
138 609
139 207
139 276
139 346
139 699
139 889
140 165
140 383
140 568
140 580
140 847
140 863
140 968
141 144
141 162
141 227
141 443
141 530
141 641
141 646
142 321
142 375
142 487
142 540
142 849
144 799
144 973
144 982
145 502
146 235
146 376
146 651
146 684
146 720
148 182
149 337
149 627
150 605
151 178
151 245
152 176
152 518
153 428
153 663
153 865
154 167
154 373
154 460
154 461
154 516
154 628
154 720
155 716
156 377
156 415
157 671
157 841
158 350
158 814
158 994
159 264
159 268
159 356
159 412
159 573
159 576
159 648
159 767
159 917
159 960
159 996
160 917
161 818
162 197
162 782
163 180
163 419
163 496
163 579
163 758
164 339
164 352
164 948
165 257
166 184
167 370
168 257
168 346
169 242
169 273
169 363
169 393
169 420
170 359
170 588
171 210
171 259
172 198
172 223
172 229
172 236
172 248
172 252
172 285
172 300
172 308
172 313
172 414
172 478
172 504
172 595
172 599
172 824
172 838
172 903
172 958
172 989
173 294
173 594
173 625
173 879
173 957
174 251
174 464
174 750
175 384
176 310
176 360
176 870
177 633
178 477
178 664
179 521
179 660
179 706
180 913
181 396
182 230
182 800
183 187
183 457
183 467
183 971
186 334
187 376
187 635
187 700
187 761
189 294
189 320
189 519
189 562
189 581
189 738
189 767
189 862
189 994
190 722
190 825
192 228
192 349
192 765
192 842
193 369
193 375
193 394
193 446
193 667
194 263
194 459
194 470
194 638
194 865
195 640
196 390
196 623
196 689
198 586
202 430
202 431
202 749
203 234
203 401
203 413
203 837
204 231
204 536
204 672
205 510
206 269
206 896
208 219
208 282
208 545
208 675
208 810
208 895
209 334
209 391
209 426
211 529
211 810
212 295
212 382
213 215
213 791
214 316
214 359
214 797
214 799
214 873
215 396
216 379
216 440
216 640
216 777
218 892
220 240
220 441
220 600
220 626
221 290
222 322
222 447
222 592
222 978
223 297
224 358
225 551
225 750
225 905
227 262
227 266
227 710
227 861
228 287
228 744
228 875
228 889
229 328
229 634
229 692
229 739
229 827
230 372
230 547
230 723
231 232
231 465
231 763
232 379
232 683
232 891
234 364
234 618
234 737
234 790
234 921
236 241
237 256
237 274
237 658
237 886
238 561
240 497
240 563
241 374
241 493
241 816
242 353
242 849
243 764
244 323
244 943
245 278
245 280
245 653
245 688
245 693
246 601
247 489
247 629
247 929
248 406
249 343
249 406
249 744
250 335
250 409
250 790
250 925
251 397
251 407
251 669
251 976
252 450
252 480
252 554
252 910
253 290
254 296
254 459
255 410
255 844
255 851
255 890
255 906
257 445
258 283
258 343
261 381
262 802
264 392
264 999
265 417
265 578
265 776
265 781
266 271
267 591
269 367
271 335
271 584
271 626
271 633
271 698
271 734
273 567
274 433
274 456
274 700
275 415
276 618
277 322
277 535
277 570
277 656
277 773
278 614
279 324
279 580
279 738
279 891
279 980
280 400
281 523
281 673
284 318
284 668
284 919
285 418
285 610
285 630
285 768
286 400
286 411
286 708
286 782
287 306
287 682
289 342
289 970
290 323
290 389
290 559
290 676
293 393
293 461
294 438
294 511
295 777
296 418
296 544
297 351
297 498
297 820
297 909
297 961
298 423
298 564
298 804
298 857
298 936
299 333
300 331
301 309
301 356
301 495
301 983
303 935
305 617
306 358
307 399
307 427
307 598
307 704
307 817
308 361
308 531
308 568
308 836
311 436
311 454
311 583
314 471
314 574
314 714
314 728
316 509
316 543
316 859
316 986
317 993
318 366
318 772
319 858
319 888
319 939
322 469
323 714
323 788
323 839
324 432
324 689
325 522
326 915
328 541
328 780
329 433
329 614
329 650
329 740
329 945
331 437
331 591
332 361
332 504
335 372
336 414
336 417
341 681
342 438
342 843
343 368
343 866
345 463
345 508
345 565
345 687
345 964
346 621
347 721
348 721
349 479
349 611
350 876
352 439
352 587
354 781
354 839
356 691
356 910
356 916
356 938
357 647
357 674
359 606
360 958
362 530
362 599
363 559
364 561
364 581
366 369
366 450
366 474
366 505
366 513
366 678
368 959
370 690
370 775
371 453
371 834
372 566
372 970
375 558
376 439
377 424
377 703
377 926
380 409
380 604
380 954
380 990
381 454
381 501
381 541
381 621
381 701
382 411
382 451
382 975
383 447
383 452
383 598
383 668
383 724
383 802
383 805
383 843
383 871
383 875
383 979
387 612
387 779
387 904
388 449
388 492
388 628
388 639
389 475
389 853
389 912
392 501
392 516
393 942
394 804
397 444
397 512
397 856
398 809
399 473
400 404
400 481
400 690
400 705
400 789
400 797
401 546
401 551
401 899
401 988
402 681
403 858
404 412
406 762
407 717
408 440
408 597
408 666
408 877
408 902
409 528
410 888
411 485
412 472
416 753
418 919
419 821
419 863
421 835
421 962
422 575
422 966
423 920
424 444
424 630
426 848
426 898
427 482
427 812
428 441
430 684
430 932
431 734
436 608
436 707
437 611
438 571
438 747
438 760
438 973
440 506
440 795
444 748
446 503
446 971
448 471
449 510
449 571
451 979
451 984
453 595
453 642
453 894
455 596
455 644
455 882
459 725
463 672
463 741
466 529
466 906
468 662
470 712
471 632
472 732
474 873
477 556
477 567
477 941
478 629
480 864
481 488
483 726
483 787
484 610
485 499
485 675
487 558
488 911
490 563
491 795
493 508
498 951
500 680
500 770
501 817
501 987
504 560
504 577
505 528
506 719
507 519
507 926
508 743
509 828
509 947
510 834
512 846
513 657
520 546
520 761
523 751
528 685
528 918
531 564
531 872
532 602
532 653
534 553
549 555
550 912
551 808
552 727
552 990
553 682
553 746
556 704
556 708
558 619
559 794
560 920
561 840
561 861
562 747
562 807
563 841
564 722
564 998
569 758
573 588
573 665
573 697
573 884
576 756
589 592
590 816
591 646
591 713
591 821
592 607
592 815
592 923
593 966
599 658
600 887
604 985
604 989
606 695
606 895
610 735
610 754
610 878
612 796
615 784
620 936
623 854
625 699
632 814
633 757
633 938
636 763
645 916
650 654
650 693
650 751
653 856
654 756
655 940
656 778
657 786
660 934
662 718
665 674
665 860
665 871
669 893
669 995
673 779
673 902
675 715
682 787
682 908
686 828
687 944
691 992
696 811
696 813
700 855
703 755
706 796
706 801
707 997
712 760
713 812
717 769
719 741
719 745
723 961
731 896
734 770
735 752
740 928
742 850
743 948
748 868
750 878
750 964
751 954
752 960
756 900
765 869
765 975
766 874
767 783
767 851
769 911
770 783
770 815
774 853
775 822
785 931
788 965
789 897
789 930
795 897
796 819
797 831
797 883
804 826
830 946
832 915
836 965
846 883
854 939
865 924
876 924
890 983
897 935
902 921
902 963
917 984
935 967
938 974
941 998
943 978
976 997
