0 1
0 2
0 3
0 4
0 5
0 6
0 9
0 11
0 14
0 18
0 39
0 40
0 41
0 42
0 48
0 53
0 57
0 60
0 64
0 81
0 98
0 16
0 91
0 65
1 2
1 3
1 17
1 19
1 33
1 67
1 94
1 7
1 70
1 18
2 3
2 4
2 5
2 8
2 12
2 14
2 18
2 19
2 23
2 27
2 29
2 30
2 33
2 37
2 38
2 39
2 52
2 63
2 69
3 6
3 12
3 13
3 19
3 21
3 28
3 68
3 84
3 60
4 30
4 25
5 8
5 10
5 11
5 12
5 14
5 21
5 22
5 41
5 71
5 74
5 94
6 9
6 17
6 25
6 34
6 39
6 48
6 50
6 51
6 90
9 18
9 55
9 60
9 26
11 20
11 24
11 25
11 49
11 62
11 89
11 92
12 8
12 15
12 18
12 33
12 57
12 70
12 67
12 23
12 85
12 78
12 19
14 32
18 87
18 97
31 24
31 26
39 27
40 68
40 72
40 83
41 53
42 26
48 58
53 7
53 23
53 58
53 73
57 99
60 19
64 75
81 45
81 47
87 25
98 17
15 38
15 83
15 37
17 21
17 35
19 62
33 8
33 79
8 20
8 23
27 13
27 16
29 13
30 88
37 63
37 66
38 95
52 32
52 88
63 93
69 34
69 22
13 79
21 43
21 56
28 62
28 55
28 43
79 97
84 16
7 16
7 34
10 20
10 80
71 24
74 34
34 51
34 56
50 47
50 80
51 36
90 46
16 96
78 65
55 45
49 61
49 62
89 86
92 86
77 73
77 82
77 96
32 54
35 47
43 59
43 75
36 56
54 56
54 76
47 91
47 99
66 85
72 46
59 45
44 76
44 58
61 82
93 95
