0 2
0 103
0 198
1 2
1 12
2 3
3 4
4 6
4 33
4 141
5 7
5 80
6 20
6 179
7 8
7 46
7 64
7 113
8 9
8 10
8 22
9 10
9 11
10 11
10 12
10 49
11 12
11 13
12 13
12 14
13 14
13 15
14 15
14 16
14 95
15 16
15 17
15 71
16 18
17 18
17 167
17 177
18 20
18 85
18 138
19 20
19 21
20 21
20 22
21 23
22 23
22 24
23 25
24 25
24 26
24 66
25 26
25 27
25 177
26 27
26 28
27 28
27 29
27 43
28 30
29 30
29 31
29 155
30 144
31 32
31 85
31 109
32 33
32 66
32 171
32 192
33 34
33 35
33 100
33 183
33 196
34 35
34 36
34 42
35 36
35 37
36 37
36 111
37 38
37 39
38 39
38 40
39 41
39 60
39 107
40 60
41 42
42 43
42 44
43 44
43 59
44 45
44 46
44 152
44 171
45 46
45 47
45 147
46 47
47 48
47 49
48 50
49 50
49 51
50 51
50 52
51 52
51 53
52 53
52 54
52 195
53 54
53 55
54 55
54 56
54 79
55 57
56 57
56 58
56 178
57 58
57 59
57 101
58 59
58 60
59 61
60 61
60 62
61 62
61 132
61 151
62 63
63 64
63 65
64 65
64 66
65 66
65 67
65 177
66 68
66 173
67 68
67 69
68 69
68 70
68 110
69 70
69 71
70 72
71 72
71 73
72 73
72 74
73 74
73 75
74 75
74 76
74 136
75 76
75 77
76 77
76 78
76 166
77 78
77 79
78 79
78 80
79 80
80 81
80 82
81 82
82 83
82 84
83 84
83 117
84 85
84 86
84 133
85 86
86 87
86 88
87 88
87 89
88 89
88 90
89 90
89 91
89 99
90 91
90 92
91 92
91 93
91 102
92 93
92 141
93 94
93 95
94 95
94 96
95 97
96 98
96 155
97 98
97 99
98 99
98 180
100 126
101 102
101 103
101 154
102 103
102 104
102 149
103 105
103 113
104 105
104 106
105 106
105 107
106 107
106 108
107 108
108 110
109 110
109 111
109 135
110 112
111 112
111 142
112 113
112 114
112 148
113 114
113 115
113 197
114 115
114 116
115 116
115 117
116 117
116 118
117 118
117 119
118 119
118 120
118 133
119 120
119 121
120 121
120 122
121 122
121 123
122 124
123 124
123 125
123 166
124 125
124 126
125 126
125 127
126 127
126 128
127 129
128 129
128 130
128 165
129 130
129 131
130 131
131 132
132 134
133 134
133 135
134 135
135 136
135 137
136 137
137 138
137 139
138 139
138 140
139 140
139 141
140 141
140 169
141 143
142 143
142 144
142 151
143 144
143 168
144 145
144 146
145 146
145 147
146 147
146 148
148 150
149 150
149 151
149 168
150 151
150 152
151 152
151 153
152 154
153 154
153 180
154 155
155 156
155 157
156 157
156 158
157 158
157 159
158 159
158 160
159 160
159 161
159 170
160 161
160 162
161 162
161 163
162 163
162 164
163 164
163 165
164 165
164 166
165 166
165 167
166 167
167 168
168 169
168 170
169 170
169 171
170 171
171 173
172 174
173 175
173 187
174 175
174 176
175 176
175 177
176 177
176 178
177 179
178 179
178 180
179 181
180 181
180 182
181 182
181 183
182 183
182 184
183 184
183 185
183 191
183 197
184 185
184 186
185 186
185 187
186 187
186 188
187 188
187 189
188 189
188 190
189 190
189 191
190 192
191 192
191 193
192 193
192 194
193 194
193 195
194 195
194 196
195 196
196 198
197 198
