0 1
0 2
0 3
0 4
0 5
0 6
0 11
0 14
0 18
0 31
0 39
0 40
0 41
0 42
0 48
0 53
0 57
0 60
0 64
0 81
0 87
0 98
0 66
0 37
1 2
1 3
1 15
1 17
1 19
1 26
1 33
1 67
1 94
1 58
2 3
2 4
2 5
2 8
2 12
2 14
2 18
2 19
2 23
2 27
2 29
2 33
2 37
2 38
2 39
2 52
2 63
2 69
2 11
3 6
3 12
3 13
3 19
3 21
3 28
3 68
3 79
3 84
4 7
4 30
5 8
5 10
5 11
5 12
5 14
5 21
5 22
5 41
5 71
5 74
5 94
6 9
6 17
6 25
6 34
6 39
6 48
6 50
6 51
6 90
9 18
9 33
9 55
9 60
9 12
11 20
11 24
11 25
11 49
11 89
11 92
12 8
12 13
12 15
12 18
12 33
12 34
12 57
12 70
12 71
12 77
14 32
18 37
18 87
18 97
31 24
39 27
40 68
40 72
40 83
41 53
42 70
48 58
53 7
53 23
53 58
53 73
57 99
60 13
60 19
64 75
81 45
81 47
98 17
15 28
15 38
17 21
17 35
19 62
19 96
25 65
25 50
26 79
26 24
33 8
67 16
8 20
8 23
23 56
27 13
27 16
29 54
30 88
30 62
37 63
38 22
52 32
52 88
63 93
69 34
69 95
21 43
21 78
28 36
28 62
79 89
84 16
7 16
7 78
10 20
10 80
74 34
34 51
34 56
50 47
51 36
90 46
16 96
55 45
55 83
80 44
49 61
49 62
92 86
77 73
77 82
32 54
35 47
97 86
43 56
43 59
43 75
65 56
54 76
47 91
47 99
66 85
72 46
59 45
44 76
91 85
61 82
93 95
